# callgrind format
version: 1
creator: callgrind-3.22.0
pid: 3729
cmd:  bin/ap5.out -s -x 5 -y 5
part: 1


desc: I1 cache: 
desc: D1 cache: 
desc: LL cache: 

desc: Timerange: Basic block 0 - 43886
desc: Trigger: Program termination

positions: line
events: Ir
summary: 211983


ob=(1) /usr/lib/x86_64-linux-gnu/ld-linux-x86-64.so.2
fl=(38) ./elf/../sysdeps/x86_64/dl-hwcaps-subdirs.c
fn=(110) _dl_hwcaps_subdirs_active
29 1
fi=(19) ./elf/../sysdeps/x86/get-isa-level.h
+2 1
fe=(38)
+7 1
fi=(19)
-8 4
fe=(38)
+22 1
fi=(19)
-20 3
+4 1
fe=(38)
+2 1
fi=(19)
-2 2
+3 4
+1 4
+5 1
fe=(38)
-7 1
fi=(19)
+7 3
fe=(38)
-2 1
fi=(19)
+5 2
+3 5
+2 4
+1 2
+1 2
+3 1
fe=(38)
-10 1
fi=(19)
+10 3
fe=(38)

fl=(73) ./elf/./elf/dl-version.c
fn=(242) _dl_check_map_versions
155 40
+15 12
+2 20
+2 4
+1 4
+2 8
+3 4
-16 4
+20 2
-4 2
-24 2
+28 14
+16 4
36 2
200 2
36 14
+1 5
-1 10
+2 21
cfi=(52) ./elf/./elf/dl-misc.c
cfn=(168) _dl_name_match_p
calls=7 +30 
* 664
* 16
208 6
+5 2
fi=(231) ./elf/../sysdeps/generic/_itoa.h
76 6
fe=(73)
213 4
+4 4
+1 4
-1 4
+4 2
-3 2
+3 2
-3 6
-1 8
+1 8
-1 8
+4 4
-3 4
+3 4
-3 27
56 24
+8 18
+6 18
+16 6
+1 12
+2 6
+5 42
+14 114
+12 153
+4 51
-30 102
231 24
+3 18
+5 4
-24 4
110 6
+3 30
cfi=(32) ./string/../sysdeps/x86_64/multiarch/../multiarch/strcmp-sse2.S
cfn=(94) strcmp
calls=6 -15 
* 196
* 18
224 18
+4 4
+15 6
+14 10
+3 4
+3 14
+3 8
+4 2
-7 8
+3 6
+4 44
-7 176
+3 134
+8 6
+6 6
fi=(28) ./elf/../include/rtld-malloc.h
44 3
fe=(73)
280 6
fi=(28)
44 3
cfi=(27) ./elf/./elf/dl-minimal-malloc.c
cfn=(74) __minimal_calloc
calls=3 +36 
* 123
fe=(73)
281 6
-2 3
fi=(28)
44 3
fe=(73)
281 3
+13 3
-3 3
+3 12
+2 6
+3 8
+4 6
+7 6
+1 6
-1 18
+1 6
+1 6
-2 6
+2 12
+1 18
+3 18
+5 4
-15 4
+2 4
-2 4
+2 4
-2 4
+2 8
-2 2
+2 2
-2 2
+2 2
-2 2
+2 4
+16 6
+10 4
+3 4
+4 46
+6 46
+1 46
+1 46
-1 138
+1 46
-1 46
+1 46
+1 46
+3 138
+4 46
-14 96
+10 6
+12 4
+1 4
+1 4
+1 2
+19 36
164 2
-8 2
257 5
+17 3
+60 2
-40 2
+76 4
+2 4
+4 2
-4 120
+1 60
+2 1
+1 2
-1 1
+1 1
cfi=(32)
cfn=(244) strncmp
calls=1 98 
* 32
* 2

fn=(240) _dl_check_all_versions
392 7
+4 5
-2 1
+4 24
cfn=(242)
calls=4 155 
* 3682
-2 4
+2 12
-1 4
-1 8
+5 7

fl=(24) ./elf/../sysdeps/nptl/dl-tls_init_tp.c
fn=(86) rtld_mutex_dummy
42 8
+2 16

fn=(68) __tls_pre_init_tp
53 3
+3 8
+5 1
-5 1
+5 1
+1 1
-6 1
+8 1

fn=(256) __tls_init_tp
68 2
fi=(232) ./elf/../include/list.h
-24 1
fe=(24)
+24 3
fi=(232)
-25 1
fe=(24)
+26 1
+3 1
fi=(232)
-29 1
+1 1
+1 1
+2 1
fe=(24)
+28 4
+1 2
+1 1
+5 2
+5 1
+6 1
-3 1
+3 1
-6 3
+6 1
+12 4
cfi=(11) ./elf/./elf/dl-tunables.c
cfn=(28) __tunable_get_val
calls=1 387 
* 24
fi=(75) ./elf/../sysdeps/unix/sysv/linux/rseq-internal.h
-73 3
+8 1
fe=(24)
+81 3
+7 2
+1 3
fi=(75)
-95 7
+3 2
fe=(24)

fl=(46) ./elf/../elf/dl-tls.c
fn=(226) _dl_assign_tls_modid
125 1
+16 1
-13 1
-3 3
+3 1
+55 1
-2 1
+5 1
+1 2

fn=(252) _dl_allocate_tls_storage
417 7
+2 1
+11 1
+1 1
fi=(28)
56 1
cfi=(27)
cfn=(78) __minimal_malloc
calls=1 -20 
* 85
fe=(46)
432 2
+8 3
fi=(28)
44 1
fe=(46)
440 2
+5 1
-5 1
+1 1
+4 304
+19 1
-99 1
+4 1
+1 1
fi=(28)
44 1
cfi=(27)
cfn=(74)
calls=1 +36 
* 41
fe=(46)
371 2
+3 1
+6 2
+90 7

fn=(146) _dl_count_modids
192 1
+2 2
+1 1
+15 2

fn=(248) _dl_tls_static_surplus_init
97 2
+3 1
-3 3
+3 1
-3 1
+3 1
-3 1
+3 1
-3 1
+3 1
cfi=(11)
cfn=(28)
calls=1 387 
* 23
* 1
+1 4
cfi=(11)
cfn=(28)
calls=1 387 
* 23
+1 1
+2 1
-3 1
+1 2
+2 3
+3 1
+2 1
-26 3
+28 3
+1 6

fn=(438) _dl_add_to_slotinfo
1017 8
+9 1
-9 1
+6 1
+4 1
+4 3
+34 2
+3 2
+1 3
+3 6

fn=(440) _dl_allocate_tls_init
523 11
+1 2
+4 1
+6 1
-6 1
+6 1
cfi=(24)
cfn=(86)
calls=1 42 
* 3
+3 3
+12 1
-18 1
+42 3
-19 12
+9 3
+1 2
+6 3
+3 1
-2 1
+2 1
-2 1
+2 4
+4 1
-4 1
+4 1
-1 2
+4 2
+1 4
+2 2
+1 2
+17 1
-8 1
+8 1
+2 4
cfi=(29) ./string/../sysdeps/x86_64/multiarch/memmove-vec-unaligned-erms.S
cfn=(126) mempcpy
calls=1 197 
* 13
* 6
cfi=(43) ./string/../sysdeps/x86_64/multiarch/../multiarch/memset-vec-unaligned-erms.S
cfn=(130) memset
calls=1 132 
* 25
-49 1
+55 1
-55 4
+6 5
+55 2
cfi=(24)
cfn=(86)
calls=1 42 
* 3
+3 2
+3 9

fn=(250) _dl_determine_tlsoffset
216 9
+6 4
+3 2
+36 3
+2 1
-2 1
-2 1
-40 1
-1 1
-1 1
+46 2
+23 3
+3 1
-3 5
+2 2
+6 1
-33 2
+20 1
-20 5
+2 2
+3 1
-1 1
+5 2
-5 1
+1 1
-1 1
+3 2
+2 3
+32 2
-1 1
+53 1
-52 5
+2 2
+51 8

fl=(39) ./elf/./elf/dl-hwcaps_split.c
fn=(120) _dl_hwcaps_split
25 5
+1 3
+21 1
-20 1
+20 3

fn=(114) _dl_hwcaps_split_masked
51 110
-25 44
+36 5
-7 5
+7 35
-26 24
+5 27
cfi=(41) ./string/../sysdeps/x86_64/multiarch/../multiarch/strchr-sse2.S
cfn=(118) index
calls=9 -9 
* 216
* 9
+1 18
+3 6
+11 12
+1 18
+1 12
-2 6
+1 9
+1 6
-28 24
+4 48
+1 12
-1 30
+24 6
+9 12
-5 6
-2 6
+2 42
-19 6
cfi=(22) ./string/../sysdeps/x86_64/multiarch/../multiarch/strlen-sse2.S
cfn=(62) strlen
calls=3 +14 
* 51
* 6

fl=(41)
fn=(118)
32 15
+1 15
+1 15
+1 15
+1 15
+1 15
+1 15
+1 15
+1 15
+1 15
+1 15
+1 15
+1 15
+1 15
+1 15
+1 15
+1 15
+1 15
+1 13
+4 13
+1 13
+1 13
+1 13
+2 13
+4 2
+1 2
+1 2
+1 2
+1 2
+1 2
+1 2
+1 2
+1 2
+1 2
+1 2
+1 2
+1 2
+1 2
+1 2
+1 2
+1 2
+1 2
+1 2
+1 2
+1 2
+1 2
+1 2
+1 2
+52 2
+4 2
+1 2
+1 2
+1 2
+2 2

fl=(142) ./elf/./dl-find_object.h
fn=(444) _dl_find_object_from_map
95 8
+1 8
+1 4
+6 20
+1 119
+1 82
+2 12
+5 4

fl=(65) ./io/../sysdeps/unix/sysv/linux/stat64.c
fn=(210) stat
28 6
+1 12
cfi=(66) ./io/../sysdeps/unix/sysv/linux/fstatat64.c
cfn=(212) fstatat
calls=3 146 
* 28

fl=(146) ./elf/./elf/dl-lookup-direct.c
fn=(460) _dl_lookup_direct
74 30
+2 3
-2 6
+4 3
-4 3
+2 3
+2 9
+37 3
-37 9
+1 6
+2 12
+3 25
+2 6
-54 3
+54 3
-54 3
+54 3
-54 9
+1 9
+2 6
+1 6
+12 9
+3 3
+2 6
-2 3
+2 9
cfi=(32)
cfn=(94)
calls=3 +45 
* 209
* 6
+4 6
+1 3
-1 3
+1 18
+1 9
cfi=(32)
cfn=(94)
calls=3 +39 
* 198
* 6
+57 27
-23 6

fl=(2) ./elf/./elf/rtld.c
fn=(238) version_check_doit
674 2
+2 1
-2 4
+2 3
cfi=(73)
cfn=(240)
calls=1 392 
* 3754
* 2
+4 3

fn=(66) dl_main
1346 2
197 1
1346 11
199 1
302 1
+1 1
197 1
+99 3
1357 1
cfi=(24)
cfn=(68)
calls=1 53 
* 17
2749 1
2538 1
2749 2
2598 1
+2 2
+15 1
-13 2
cfi=(25) ./elf/./elf/dl-environ.c
cfn=(70) _dl_next_ld_env_entry
calls=1 28 
* 41
* 4
cfi=(25)
cfn=(70)
calls=2 28 
* 227
* 9
+4 6
-2 2
+2 6
+1 2
-1 6
+1 17
-1 89
+9 12
2727 3
1373 1
+1 2
-1 2
+1 2
2687 3
-47 2
+10 2
1637 9
cfi=(26) ./elf/./elf/dl-object.c
cfn=(72) _dl_new_object
calls=1 59 
* 210
* 1
+2 2
+1 3
+6 1
-5 2
+1 3
+4 1
cfi=(26)
cfn=(84) _dl_add_to_namespace_list
calls=1 31 
* 42
+1 2
1116 1
-1 1
1351 1
1143 1
-21 2
+21 2
-19 1
+1 1
-3 1
+21 2
+57 1
-82 1
+25 1
-3 1
+4 1
+19 1
+37 4
-56 102
+56 4
-1 4
+1 8
-1 4
+2 8
+1 1
+2 12
+1 14
+4 8
+1 8
+1 4
+4 12
-72 27
1253 2
+1 22
+6 4
cfi=(30) ./elf/./elf/dl-load.c
cfn=(88) _dl_process_pt_gnu_property
calls=1 868 
* 90
-7 26
+1 13
+6 13
-6 26
fi=(31) ./elf/../sysdeps/x86/dl-prop.h
235 4
+1 2
-87 4
fe=(2)
1148 1
-5 1
+5 2
-5 2
+30 1
-9 2
+2 1
-3 1
+10 2
+18 2
-38 2
-10 1
+10 1
+1 9
-11 2
+1 14
1247 1
1143 1
1247 2
1143 3
1266 4
+3 3
+2 3
1672 3
+2 2
-1 1
+1 1
+1 3
-2 2
cfi=(32)
cfn=(94)
calls=1 98 
* 25
* 2
+7 1
+3 1
-5 1
+3 1
+2 1
+1 2
+4 2
+2 2
fi=(3) ./elf/./get-dynamic-info.h
39 4
+4 1
+2 1
+9 1
+1 1
-10 2
+23 26
-23 104
+4 52
+3 6
-1 12
+3 24
+1 20
fe=(2)
1243 1
1143 1
1243 1
1143 2
fi=(3)
72 4
+43 2
+7 3
+1 4
+6 3
+18 4
+5 2
+2 2
+2 2
+2 2
+1 2
+3 4
+2 3
+1 2
+9 2
+6 2
+1 3
+3 3
fe=(2)
1698 4
+7 2
cfi=(8) ./elf/./elf/dl-setup_hash.c
cfn=(14) _dl_setup_hash
calls=1 25 
* 27
+3 2
fi=(33) ./elf/./setup-vdso.h
24 2
fi=(36) ./elf/./dl-main.h
+85 2
fi=(35) ./elf/../sysdeps/unix/sysv/linux/dl-vdso-setup.h
-64 1
fi=(36)
+64 3
cfi=(30)
cfn=(106) _dl_init_paths
calls=1 706 
* 2322
fe=(2)
1733 3
cfi=(45) ./elf/./elf/dl-debug.c
cfn=(144) _dl_debug_initialize
calls=1 56 
* 34
+7 1
-5 1
-2 1
+7 1
+4 1
+1 1
+2 1
-3 3
+1 2
+3 1
+11 1
-13 1
+13 1
+1 2
+5 1
-3 2
+2 1
+1 2
+5 3
+1 5
-1 2
224 1
+1 1
-1 1
+1 3
+1 2
1788 2
+5 1
-1 1
1352 1
1793 1
+24 1
cfi=(46)
cfn=(146)
calls=1 192 
* 6
* 1
fi=(47) ./elf/../sysdeps/generic/dl-debug.h
29 4
+1 1
fe=(2)
1823 1
+1 1
cfi=(45)
cfn=(150) _dl_debug_state
calls=1 116 
* 2
+1 1
+4 3
cfi=(48) ./elf/./elf/dl-audit.c
cfn=(152) _dl_audit_activity_map
calls=1 29 
* 17
+5 3
+2 1
+2 2
+9 2
+16 4
cfi=(63) ./io/../sysdeps/unix/sysv/linux/access.c
cfn=(200) access
calls=1 25 
* 9
* 2
+76 4
+16 3
85 1
1965 1
85 2
1965 1
85 1
1965 5
85 1
1965 2
cfi=(64) ./elf/./elf/dl-deps.c
cfn=(202) _dl_map_object_deps
calls=1 143 
* 7218
92 1
+9 1
1971 1
92 2
+9 2
1971 2
+1 6
-1 4
+1 6
-1 12
+4 3
+1 2
+1 1
+2 14
+1 6
+46 1
-42 2
+8 3
+1 2
+2 1
+2 3
+2 1
-4 1
+5 1
-1 2
+14 2
+1 2
+1 3
-25 1
+36 2
+2 1
-2 1
+2 2
-2 1
+1 2
+1 1
-1 2
+1 1
cfi=(50) ./elf/./elf/dl-catch.c
cfn=(236) _dl_receive_error
calls=1 186 
* 3791
+10 1
+1 1
-1 1
+1 1
+3 2
837 1
fi=(233) ./elf/../sysdeps/unix/sysv/linux/dl-osinfo.h
39 2
fe=(2)
839 1
fi=(233)
52 1
fe=(2)
848 1
+7 1
-5 1
2047 3
2246 2
+4 1
-4 1
+10 1
-6 1
+6 1
-6 1
+9 2
+8 2
fi=(31)
36 2
+1 3
+3 3
+13 6
-13 3
+9 6
-9 1
+9 16
+4 12
-16 12
+34 1
fe=(2)
2279 1
fi=(31)
71 1
cfi=(76) ./elf/../sysdeps/x86_64/dl-cet.c
cfn=(260) _dl_cet_check
calls=1 361 
* 55
fe=(2)
2282 1
-3 2
+5 1
-2 2
+2 2
+1 6
cfi=(77) ./elf/./elf/dl-reloc.c
cfn=(262) _dl_relocate_object
calls=1 207 
* 67881
85 2
2292 1
85 2
2292 1
+1 17
+2 8
+5 8
+2 8
+6 4
+2 8
+1 24
cfi=(77)
cfn=(262)
calls=3 207 
* 17430
+4 10
+1 2
-23 1
+23 1
cfi=(46)
cfn=(438)
calls=1 1017 
* 28
-23 3
92 3
+1 1
2325 1
93 1
2325 1
+4 4
+2 1
+7 4
cfi=(46)
cfn=(440)
calls=1 523 
* 149
+3 2
+4 3
+2 2
+33 3
cfi=(147) ./elf/./elf/dl-call-libc-early-init.c
cfn=(464) _dl_call_libc_early_init
calls=1 27 
* 603
+7 1
cfi=(9) ./elf/../sysdeps/unix/sysv/linux/dl-sysdep.c
cfn=(480) _dl_sysdep_start_cleanup
calls=1 147 
* 2
+3 3
cfi=(48)
cfn=(482) _dl_audit_activity_nsid
calls=1 41 
* 11
+4 2
cfi=(45)
cfn=(196) _dl_debug_update
calls=1 38 
* 7
+1 1
-1 1
+2 1
cfi=(45)
cfn=(150)
calls=1 116 
* 2
+1 1
+4 1
cfi=(67) ./elf/./elf/dl-cache.c
cfn=(484) _dl_unload_cache
calls=1 525 
* 19
+5 8
2304 1
+1 1
-3 2
226 2
-2 1
+1 1
1773 1
+6 1
-6 2
+6 1
fi=(3)
56 5
+3 4
fi=(34) ./elf/../sysdeps/unix/sysv/linux/dl-vdso.h
-19 2
+1 5
fi=(35)
-11 1
+3 1
+3 1
+3 1
fi=(34)
+16 2
fi=(3)
+17 3
+12 3
+1 5
+1 5
+1 5
+1 4
+1 5
+1 5
+1 5
+12 2
+7 1
-7 7
+7 2
fe=(2)
1743 4
2357 1
cfi=(141) ./elf/./elf/dl-find_object.c
cfn=(442) _dl_find_object_init
calls=1 561 
* 581
+5 3
cfi=(7) ./elf/./elf/dl-minimal.c
cfn=(450) __rtld_malloc_init_real
calls=1 76 
* 2479
+3 1
cfi=(145) ./elf/../sysdeps/nptl/dl-mutex.c
cfn=(458) __rtld_mutex_init
calls=1 30 
* 503
85 1
2371 1
+1 3
85 3
2372 2
cfi=(77)
cfn=(262)
calls=1 207 
* 1613
92 3
+9 3
2687 2
+2 1
+1 1
-1 1
+1 1
+1 1
2040 2
cfn=(246) init_tls
calls=1 734 
* 831
* 2
2650 2
+2 2
+1 1
fi=(3)
62 4
+2 4
fe=(2)
1943 10
85 1
1842 2
85 3
1842 2
cfn=(154) handle_preload_list
calls=1 869 
* 3098
* 1
92 3
+9 3
1943 6
+1 1
-1 1
+4 3
+1 1
+1 2
+1 2
-7 2

fn=(154)
869 11
+5 1
-5 2
+5 2
-4 3
+7 3
cfi=(49) ./string/../string/strcspn.c
cfn=(156) strcspn
calls=1 32 
* 254
* 1
+1 3
+9 1
183 1
889 2
183 2
891 2
-80 1
+5 1
-6 1
-4 1
+10 2
-6 1
+4 1
+2 2
-5 1
+1 1
+4 1
cfi=(50)
cfn=(158) _dl_catch_error
calls=1 254 
* 2754
+1 3
+8 3
+67 1
-18 2
+21 9
-15 4
cfi=(29)
cfn=(82) memcpy
calls=1 210 
* 19
+1 2

fn=(246)
734 1
+6 1
-6 3
+2 2
+4 2
+11 1
fi=(28)
44 1
fe=(2)
746 1
+4 1
fi=(28)
44 1
cfi=(27)
cfn=(74)
calls=1 +36 
* 41
fe=(2)
761 1
-12 1
+6 1
-9 1
+11 1
+4 1
+2 3
-1 2
+3 8
+4 1
+2 1
-2 2
-5 1
-1 2
+10 3
+3 2
cfi=(46)
cfn=(248)
calls=1 97 
* 86
+3 1
cfi=(46)
cfn=(250)
calls=1 216 
* 79
+7 1
cfi=(46)
cfn=(252)
calls=1 417 
* 469
* 1
+1 2
+6 1
fi=(74) ./elf/../sysdeps/generic/dl-call_tls_init_tp.h
31 2
fe=(2)
793 1
fi=(74)
31 6
+2 1
cfi=(24)
cfn=(256)
calls=1 +35 
* 79
fe=(2)
800 1
-3 1
+3 4
-36 3
-1 7

fn=(2) _dl_start
517 16
85 1
547 4
85 1
543 1
fi=(6) ./elf/../sysdeps/x86_64/dl-machine.h
55 1
fe=(2)
+30 1
546 1
85 1
fi=(3)
-40 1
fe=(2)
546 1
fi=(3)
45 2
+23 18
-23 72
+4 36
+3 5
-1 10
+3 20
+1 16
+1 5
fi=(4) ./elf/../sysdeps/generic/ldsodefs.h
+23 1
fi=(3)
+31 1
-38 3
+12 4
+1 3
+1 4
+1 4
+1 5
+1 3
+1 4
+1 4
+12 7
+7 2
-51 4
+64 3
+6 3
+1 3
+3 2
+1 3
+5 5
+3 5
fe=(2)
563 154
fi=(4)
79 1
fe=(2)
563 1
fi=(4)
79 2
fe=(2)
563 27
fi=(6)
287 3
fi=(5) ./elf/./elf/do-rel.h
49 1
fe=(2)
563 1
fi=(5)
50 1
-1 2
+4 1
-3 1
+3 4
+3 2
-7 1
fe=(2)
563 1
fi=(5)
50 1
-1 2
+4 1
-3 1
+3 4
+3 2
+7 3
+2 3
-2 6
fi=(6)
278 3
fi=(5)
64 6
fi=(6)
278 6
+9 24
+3 6
+1 6
+26 8
+6 2
fi=(5)
61 13
fe=(2)
563 6
fi=(5)
51 1
fi=(4)
+28 2
fi=(3)
-17 4
+2 4
fe=(2)
565 1
+13 1
cfi=(7)
cfn=(12) __rtld_malloc_init_stubs
calls=1 42 
* 10
458 2
85 1
476 2
85 3
476 1
cfi=(8)
cfn=(14)
calls=1 25 
* 27
+2 1
+16 2
-17 1
+11 1
-10 1
+16 1
cfi=(9)
cfn=(16) _dl_sysdep_start
calls=1 102 
* 142621
* 1
+2 2
+89 9
fi=(3)
103 3
fe=(2)

fn=(164) map_doit
641 2
+2 1
-2 4
+2 1
+1 2
-1 2
+1 3
cfi=(30)
cfn=(166) _dl_map_object
calls=1 1967 
* 2643
* 1
+2 3

fl=(57) ./misc/../sysdeps/unix/sysv/linux/mmap64.c
fn=(182) mmap
47 12
+3 24
-3 72
+6 24
+5 72
+2 48
-7 29

fl=(55) ./io/../sysdeps/unix/sysv/linux/fstat64.c
fn=(178) fstat
30 3
+9 12
+33 3

fl=(27)
fn=(142) __minimal_free
97 1
+2 4

fn=(78)
36 192
+1 72
+11 69
+3 23
-3 23
+3 46
-3 2
+3 1
-3 1
+3 90
+19 24
+1 24
+2 144
-17 8
+1 4
+2 2
+1 14
cfi=(57)
cfn=(182)
calls=2 -13 
* 52
* 2
+2 4
+2 8
cfi=(58) ./misc/../sysdeps/unix/sysv/linux/setvmaname.c
cfn=(184) __set_vma_name
calls=2 -31 
* 56
+1 6
+2 2
+4 2
-4 4
-24 1
-1 1
+1 1
+1 2
-2 2

fn=(74)
80 8
+4 8
-4 32
+7 8
+1 24
fi=(28)
-32 8
cfi=(27)
cfn=(78)
calls=8 -20 
* 347
fe=(27)

fl=(30)
fn=(204) _dl_dst_count
238 4
+3 2
-3 10
+7 2
-7 4
+3 2
cfi=(41)
cfn=(118)
calls=2 32 
* 72
+3 4
+20 18

fn=(136) expand_dynamic_string_token
385 18
241 4
385 2
241 2
cfi=(41)
cfn=(118)
calls=2 32 
* 72
+3 4
410 2
-11 2
+11 12
-11 2
cfi=(44) ./string/./string/strdup.c
cfn=(138) strdup
calls=2 40 
* 180

fn=(88)
868 3
+8 3
-8 6
+8 3
-6 3
+12 6
-13 3
+13 3
-13 3
+13 6
+3 9
+1 6
+1 6
+3 9
+1 9
+4 3
+1 6
+22 3
+2 3
-2 6
+2 9
-20 10
+1 5
+3 10
+3 5
+1 20
fi=(31)
95 20
+7 10
+16 5
-3 10
254 6
+1 3
+2 12
+3 3
-8 4
+5 2
-4 2
+4 6
+3 2
-2 1
fe=(30)

fn=(132) fillin_rpath.isra.0
468 9
+4 1
-4 8
+6 3
cfi=(7)
cfn=(134) strsep
calls=1 239 
* 240
* 3
cfi=(7)
cfn=(134)
calls=1 239 
* 8
* 6
+7 2
+2 3
cfn=(136)
calls=1 -98 
* 125
* 1
+4 2
+5 2
cfi=(22)
cfn=(62)
calls=1 57 
* 17
* 1
+1 2
+7 5
+9 15
+1 8
fi=(28)
50 2
cfi=(27)
cfn=(142)
calls=1 +47 
* 5
+1 1
fe=(30)
528 4
+4 4
fi=(28)
56 1
cfi=(27)
cfn=(78)
calls=1 -20 
* 30
* 1
fe=(30)
534 2
+5 1
+1 2
-1 1
-1 1
+2 1
cfi=(29)
cfn=(126)
calls=1 197 
* 13
+3 1
-3 1
+1 1
+2 1
+6 1
+1 1
-1 3
+1 5
+1 1
-1 1
+1 1
-1 3
+1 1
-1 2
+1 1
+2 2
+1 3
+1 1
+6 2
+1 1
+3 3
-60 2
-22 2
+88 1
+3 8
-24 2

fn=(166)
1967 36
+8 6
+1 12
+3 51
+5 49
+2 21
cfi=(52)
cfn=(168)
calls=7 68 
* 769
* 14
+4 12
+1 18
+4 2
-1 10
+1 2
+1 2
-1 2
+1 4
cfi=(32)
cfn=(94)
calls=2 98 
* 50
* 4
2270 29
2011 6
-1 4
+9 2
-50 2
+50 4
+17 4
-2 2
+2 2
cfi=(41)
cfn=(118)
calls=2 32 
* 48
* 4
2202 2
-1 3
cfn=(136)
calls=1 385 
* 175
+6 1
-7 1
+1 1
+2 2
+4 7
cfn=(170) open_verify.constprop.0
calls=1 1572 
* 106
+3 2
-3 1
+3 1
+12 4
+45 1
+1 5
-1 1
+1 8
cfn=(176) _dl_map_object_from_fd
calls=1 944 
* 1940
-1 1
+1 5
-1 1
+1 8
cfn=(176)
calls=1 944 
* 2374
* 6
2040 2
cfi=(22)
cfn=(62)
calls=1 57 
* 17
* 2
+2 2
+7 4
+51 13
cfn=(208) open_path
calls=1 1812 
* 580
+6 1
-6 1
+6 2
2222 4
+46 2
682 1
2107 1
682 2
2135 2
cfi=(67)
cfn=(214) _dl_load_cache_lookup
calls=1 403 
* 1407
* 1
+2 2
+4 2
+31 1
-23 2
+23 7
cfn=(170)
calls=1 1572 
* 137
+4 2
-4 1
+4 1
+1 1
+17 2
2074 5
682 1
2075 1
682 3
2099 2
+1 2
-47 1
+1 1
696 5
2058 3
682 1
2059 1
682 2
2073 5
+1 2
+41 1
+14 2
+2 3
-47 2

fn=(170)
1572 50
+32 5
-32 10
+32 10
+19 20
cfi=(53) ./io/../sysdeps/unix/sysv/linux/open64_nocancel.c
cfn=(172) __open_nocancel
calls=5 28 
* 109
* 5
+2 10
+8 2
+1 4
+5 2
-5 2
+5 10
cfi=(54) ./io/../sysdeps/unix/sysv/linux/read_nocancel.c
cfn=(174) __read_nocancel
calls=2 25 
* 12
+2 4
+2 4
+2 4
+6 4
+17 26
+81 4
+5 4
+6 8
+6 4
+6 2
+1 2
-1 6
+1 6
+26 45
-22 13
+1 2
-1 1
+1 1
cfi=(70) ./io/../sysdeps/unix/sysv/linux/pread64_nocancel.c
cfn=(224) __pread64_nocancel
calls=1 25 
* 7
* 2
1668 3
-59 6
1777 2

fn=(176)
944 20
+15 2
-15 4
+15 2
-15 4
+15 4
+77 8
+10 4
+7 14
cfi=(26)
cfn=(72)
calls=2 59 
* 861
* 2
+1 4
+11 2
+5 2
-4 2
-1 2
+2 2
+2 2
-2 2
+2 4
+1 6
+1 2
+19 2
-2 1
+2 12
-2 1
+2 28
+10 2
-10 2
+10 6
+27 2
-33 2
-3 2
+2 2
-1 2
+35 2
+9 2
-50 2
+41 2
+9 2
-36 2
+63 10
-62 86
+26 56
+8 16
+1 8
-1 8
+1 32
+1 8
-1 8
+1 8
+2 8
-2 8
+2 8
+2 8
-4 8
+1 8
+3 8
-4 8
+4 40
+2 16
+13 16
+1 30
+5 6
+1 54
-28 12
-35 18
+62 2
+1 18
-28 4
-35 51
+1 127
1213 2
1100 2
1213 4
1100 6
1218 14
+10 6
+1 2
-1 2
+1 2
-1 6
+1 6
-1 6
+1 6
-1 18
1066 4
1235 4
+10 8
+7 8
fi=(59) ./elf/./dl-map-segments.h
28 2
fe=(30)
1252 6
fi=(59)
28 4
+1 16
cfi=(57)
cfn=(182)
calls=2 +18 
* 56
+73 4
-1 2
-72 2
+73 2
+3 4
+1 2
+2 2
-3 2
+1 2
+2 2
+17 2
-44 2
fi=(60) ./elf/./dl-load.h
+10 16
fi=(59)
+58 32
+6 2
+2 2
-2 2
+1 2
+2 4
-1 4
+3 4
+5 4
+3 6
+8 12
cfi=(43)
cfn=(130)
calls=2 -44 
* 287
* 2
+6 4
+12 8
-59 48
+2 24
+2 48
cfi=(57)
cfn=(182)
calls=6 -92 
* 126
* 12
fe=(30)
1264 2
fi=(56) ./elf/../sysdeps/posix/dl-fileid.h
37 4
cfi=(55)
cfn=(178)
calls=2 -7 
* 12
* 4
fe=(30)
989 4
fi=(56)
40 6
fe=(30)
989 2
fi=(56)
40 2
fe=(30)
989 23
+1 10
fi=(56)
49 12
fe=(30)
1519 18
1074 13
+1 2
-1 1
+1 1
-1 1
+1 1
cfi=(70)
cfn=(224)
calls=1 25 
* 7
* 2
+46 2
+1 1
-15 4
+7 2
+2 2
-2 2
+1 2
+1 2
-1 4
+1 16
+60 3
+5 1
-1 2
+5 1
-5 2
-66 1
+71 4
+1 1
+3 1
-3 1
+8 4
+15 4
+1 2
1008 4
1268 8
+1 6
fi=(61) ./elf/./elf/get-dynamic-info.h
39 4
+6 2
-2 2
+11 2
+1 2
-10 4
+8 3
+15 3
-23 12
+23 44
-23 176
+4 94
+3 13
-1 26
+3 40
+1 32
+1 10
+16 8
+12 7
+1 8
+1 8
+1 8
+1 7
+1 7
+1 7
+1 8
+12 2
+7 2
-7 14
+7 5
+5 2
+7 2
+1 6
+6 6
+1 3
+17 6
+5 2
+2 2
+2 2
+2 2
+4 6
+2 6
+1 4
+9 4
+6 4
+4 4
fe=(30)
1275 4
+1 4
+2 4
+10 6
+19 6
+2 12
+52 6
+1 2
+6 18
+1 42
+6 8
cfn=(88)
calls=2 868 
* 154
-7 52
+1 25
+6 25
-6 50
fi=(31)
149 8
fe=(30)
1380 4
cfi=(62) ./io/../sysdeps/unix/sysv/linux/close_nocancel.c
cfn=(194) __GI___close_nocancel
calls=2 25 
* 12
* 4
+13 4
+2 8
+2 4
+16 4
cfi=(8)
cfn=(14)
calls=2 25 
* 54
+4 4
+1 4
+17 4
+1 1
+3 1
+5 1
-5 1
+5 1
-5 1
+5 1
-5 1
+5 1
+5 4
+12 16
+10 4
+1 4
+5 2
cfi=(46)
cfn=(226)
calls=1 125 
* 12
+7 6
cfi=(26)
cfn=(84)
calls=2 31 
* 106
+3 4
+4 4
cfi=(45)
cfn=(196)
calls=2 38 
* 14
* 2
+1 6
+22 14
+1 6
cfi=(48)
cfn=(198) _dl_audit_objopen
calls=2 77 
* 10
* 2
fi=(60)
92 4
+2 1
-1 1
+1 1
-1 1
+1 1
-1 1
+1 1
-1 2
+3 4
fi=(61)
-37 8
+3 8
+2 8
181 3
-22 2
fe=(30)
1510 4
1074 2
fi=(59)
186 8
cfi=(57)
cfn=(182)
calls=1 47 
* 21
+3 2
fe=(30)
1462 6
+2 1
-1 5
+1 1
-1 1
+1 1
-1 1
cfi=(32)
cfn=(94)
calls=1 98 
* 25
* 2
+2 5

fn=(106)
706 11
+14 1
-14 2
+14 2
cfi=(37) ./elf/./elf/dl-hwcaps.c
cfn=(108) _dl_important_hwcaps
calls=1 172 
* 1244
fi=(28)
56 1
fe=(30)
720 1
fi=(28)
56 1
cfi=(27)
cfn=(78)
calls=1 -20 
* 30
fe=(30)
725 1
+2 3
+8 2
-1 3
+5 3
fi=(28)
56 1
cfi=(27)
cfn=(78)
calls=1 -20 
* 30
fe=(30)
739 1
+2 4
+7 1
+8 1
+2 1
+12 2
-23 1
+9 1
+11 1
-4 1
-5 1
+3 2
+7 2
+2 2
-11 1
+11 3
-8 1
+4 1
+1 3
+1 16
cfi=(43)
cfn=(130)
calls=4 132 
* 56
+2 15
-14 3
+10 3
+4 9
-12 3
-2 3
+2 3
+4 3
-3 3
+3 3
+1 3
-2 3
+5 9
+1 6
+3 1
+15 1
-8 1
+5 1
-6 1
+9 2
+2 4
+2 3
+36 5
+2 2
cfi=(22)
cfn=(62)
calls=1 57 
* 17
* 9
-19 1
-2 1
+2 2
+19 9
cfi=(29)
cfn=(82)
calls=1 210 
* 11
* 1
+5 4
-1 2
+2 1
+1 2
-2 4
+1 13
+1 26
-2 52
+5 1
fi=(28)
56 1
cfi=(27)
cfn=(78)
calls=1 -20 
* 30
fe=(30)
836 1
fi=(28)
56 1
fe=(30)
838 2
+6 6
cfn=(132)
calls=1 468 
* 581
+3 3
+6 1
+4 8
-35 2
+5 2

fn=(208)
1812 8
+1 1
-1 3
+1 1
+6 2
+5 17
+67 2
-74 1
+7 3
+57 1
-65 1
+65 1
+10 2
-64 2
+8 6
+7 2
-11 1
+12 1
-1 4
cfi=(29)
cfn=(126)
calls=1 197 
* 13
+1 21
+3 6
+5 21
cfi=(29)
cfn=(126)
calls=3 197 
* 39
* 12
cfi=(29)
cfn=(126)
calls=3 197 
* 39
+3 6
+6 9
+3 21
cfn=(170)
calls=3 1572 
* 168
* 3
+2 9
+2 6
+93 9
-88 6
+1 21
+6 3
+2 6
-2 6
+2 3
cfi=(65)
cfn=(210)
calls=3 28 
* 46
* 3
+3 3
-3 6
+1 2
+9 8
+2 1
-2 2
+2 3
+44 8
+6 2
-2 1
+2 2
+3 3
1822 2
+2 2

fl=(15) ./elf/../sysdeps/x86/dl-get-cpu-features.c
fn=(462) __x86_cpu_features
71 1
-32 3
+32 2

fn=(34) _dl_x86_init_cpu_features
37 1
+2 3
+2 1
cfi=(16) ./elf/../sysdeps/x86/cpu-features.c
cfn=(36) init_cpu_features.constprop.0
calls=1 682 
* 7344

fl=(53)
fn=(172)
28 12
+3 6
-3 12
+3 36
+8 42
+2 6
-2 9
+2 6

fl=(51) ./setjmp/../sysdeps/x86_64/setjmp.S
fn=(162) __sigsetjmp
31 3
+2 3
+9 3
+1 6
+1 3
+4 3
+1 3
+1 3
+1 3
+1 3
+2 6
+2 3
+1 3
+1 3
+2 6
+2 3
+8 3
+3 3
+1 3
+7 3
+1 3

fl=(147)
fn=(464)
27 1
+2 2
-2 1
+6 3
-6 3
+6 1
-6 2
+6 1
cfi=(146)
cfn=(460)
calls=1 +41 
* 225
+4 2
+2 3
+2 1
-1 1
-1 1
+2 2
-1 1
cob=(2) /usr/lib/x86_64-linux-gnu/libc.so.6
cfi=(148) ./elf/./elf/libc_early_init.c
cfn=(466) __libc_early_init
calls=1 -7 
* 353

fl=(155) ./elf/./elf/dl-init.c
fn=(498) call_init.part.0
26 48
+17 4
+3 4
-3 8
+3 8
+5 6
+8 9
+1 6
cob=(3) ???
cfi=(153) ???
cfn=(500) 0x000000000483d000
calls=1 -60 
* 7
+3 3
+1 6
+6 4
+2 4
-2 2
+3 13
+1 4
cob=(2)
cfi=(160) ./libio/./libio/vtables.c
cfn=(518) check_stdfiles_vtables
calls=1 545 
* 12
* 8
cob=(2)
cfi=(157) ./csu/./csu/init-first.c
cfn=(510) _init_first
calls=1 -28 
* 72
cob=(4) /usr/libexec/valgrind/vgpreload_core-amd64-linux.so
cfi=(156) ???
cfn=(504) 0x0000000000001110
calls=1 -74 
* 12
-1 9
+3 32
-29 2

fn=(496) _dl_init
81 13
+1 1
+1 1
+3 3
+8 2
+25 1
+1 8
+1 8
-92 8
+6 12
+2 17
+83 6
cfn=(498)
calls=3 -94 
* 206
* 6
+7 8
-98 2
+60 2
-54 3
+2 7
cfn=(498)
calls=1 -11 
* 77
* 2

fl=(76)
fn=(260)
361 8
-76 1
-10 2
+2 2
-1 1
+6 1
+3 1
+8 1
-11 1
+1 1
-1 1
+1 1
-1 1
+1 1
+10 4
+3 1
+4 2
+2 2
-1 1
+2 2
+2 2
-1 2
+4 1
+2 1
+3 2
145 2
+12 2
+16 1
+6 1
363 6

fn=(492) _dl_cet_setup_features
331 1
+3 2
+16 1

fl=(42) ./string/../sysdeps/x86_64/multiarch/../multiarch/memcmp-sse2.S
fn=(122) bcmp
59 1
+12 1
+1 1
+22 1
+1 1
+45 1
+1 1
+2 1
+1 1
+2 1
+1 1
+2 1
+1 1
+47 1
+1 1
+1 1
+1 1
+1 1
+1 1

fl=(54)
fn=(174)
25 2
+1 8
+1 2

fl=(145)
fn=(458)
30 2
+10 3
-10 3
+10 1
-10 1
+10 1
-10 1
+7 1
+3 2
cfi=(146)
cfn=(460)
calls=1 +34 
* 233
+4 2
+1 8
+2 3
-2 1
+2 3
cfi=(146)
cfn=(460)
calls=1 +27 
* 223
+4 2
+1 7
+1 6

fl=(58)
fn=(184)
33 2
+2 7
-2 4
+7 1
-7 2
+7 1
-7 2
+7 1
-7 1
+7 1
cfi=(11)
cfn=(28)
calls=1 387 
* 24
* 3
+7 1
+2 6

fl=(44)
fn=(138)
40 18
+1 3
cfi=(22)
cfn=(62)
calls=3 +16 
* 87
* 3
fi=(234) ./string/../include/rtld-malloc.h
+15 6
cfi=(27)
cfn=(78)
calls=3 -20 
* 90
fe=(44)
-12 6
+3 9
+1 9
-1 3
cfi=(29)
cfn=(82)
calls=3 210 
* 41

fl=(222) ./elf/./elf/dl-fini.c
fn=(746) _dl_fini
26 5
+17 1
-17 6
+20 13
+3 2
cob=(2)
cfi=(223) ./nptl/./nptl/pthread_mutex_lock.c
cfn=(748) pthread_mutex_lock@@GLIBC_2.2.5
calls=1 +28 
* 44
+2 1
+3 2
+2 5
+7 3
-2 1
+2 1
cfi=(48)
cfn=(482)
calls=1 -22 
* 11
+5 15
+5 1
-5 1
+5 3
+2 8
+2 8
+2 8
+1 4
+1 4
+4 4
-12 12
+14 6
+1 4
+6 6
cfi=(13) ./elf/./elf/dl-sort-maps.c
cfn=(232) _dl_sort_maps
calls=1 298 
* 317
+9 2
cob=(2)
cfi=(224) ./nptl/./nptl/pthread_mutex_unlock.c
cfn=(750) pthread_mutex_unlock@@GLIBC_2.2.5
calls=1 367 
* 34
+5 6
+2 1
+2 2
-2 3
+2 6
+2 16
cfi=(225) ./elf/./elf/dl-call_fini.c
cfn=(752) _dl_call_fini
calls=4 -90 
* 328
+3 8
cfi=(48)
cfn=(778) _dl_audit_objclose
calls=4 -20 
* 20
-9 8
+14 4
-14 12
+18 3
cfi=(48)
cfn=(482)
calls=1 -85 
* 11
* 2
+6 4
+2 1
-2 2
+6 2
+7 8
-77 2

fl=(49)
fn=(156)
32 6
+1 3
+1 2
+5 6
+1 4
+1 4
+1 4
+2 1
+3 3
+1 2
-1 6
+1 4
+3 4
+1 4
+1 4
+1 4
+2 3
+6 1
-1 1
+1 1
+2 2
-1 2
+2 1
+2 6
-5 12
-1 12
+1 12
+2 24
-1 24
+2 12
+2 72
+2 1
+1 3
+1 2
-1 1
+1 1

fl=(52)
fn=(216) _dl_sysdep_read_whole_file
36 2
+3 1
-3 7
+3 1
-3 2
+3 1
cfi=(53)
cfn=(172)
calls=1 -11 
* 20
+1 2
+23 8
-21 4
cfi=(55)
cfn=(178)
calls=1 -12 
* 6
* 2
+2 2
+3 2
+13 2
cfi=(62)
cfn=(194)
calls=1 -35 
* 6
* 1
-11 6
cfi=(57)
cfn=(182)
calls=1 -2 
* 26
* 2

fn=(168)
68 98
+1 28
cfi=(32)
cfn=(94)
calls=14 +29 
* 440
* 28
+3 14
+2 28
+6 15
-6 30
+1 54
cfi=(32)
cfn=(94)
calls=18 +23 
* 592
* 36
+8 3
-13 3
+13 20
-1 11
+1 33

fl=(50)
fn=(158)
254 6
+2 1
-2 6
+2 1
cfn=(160) _dl_catch_exception
calls=1 -52 
* 2728
+1 2
+1 1
+1 1
-1 1
+1 1
+2 6

fn=(160)
204 18
58 3
204 6
+3 6
+22 3
-1 3
+1 3
58 6
235 9
cfi=(51)
cfn=(162)
calls=3 31 
* 72
* 9
+2 9
cfi=(64)
cfn=(206) openaux
calls=2 61 
* 5473
cfi=(2)
cfn=(164)
calls=1 641 
* 2662
69 3
+1 3
-1 3
+1 3
239 12
-25 3
+34 9
59 6
+11 9

fn=(236)
186 2
58 1
186 4
+2 1
-2 1
58 1
+1 1
+11 1
192 1
+2 1
cfi=(2)
cfn=(238)
calls=1 674 
* 3769
69 2
+1 1
198 1
-1 1
+1 3

fl=(7)
fn=(454) lookup_malloc_symbol
61 8
+3 4
-3 12
+3 4
-3 12
+3 4
-3 4
+2 4
+1 16
cfi=(78) ./elf/./elf/dl-lookup.c
cfn=(270) _dl_lookup_symbol_x
calls=4 772 
* 2196
+4 28
+1 28
+2 4
fi=(144) ./elf/./dl-sym-post.h
-30 8
+12 12
fe=(7)
+19 24

fn=(450)
76 2
+10 1
fi=(143) ./elf/../sysdeps/generic/dl-hash.h
-41 1
-1 1
fe=(7)
+32 8
+11 1
-1 1
fi=(143)
-43 1
+5 3
+14 4
-17 3
+3 15
+14 20
-17 15
fe=(7)
+46 2
fi=(143)
-24 1
fe=(7)
+22 1
+2 2
fi=(143)
-19 1
fe=(7)
+19 1
cfn=(454)
calls=1 -30 
* 574
+1 3
-1 1
+1 1
cfn=(454)
calls=1 -31 
* 563
+1 3
-1 1
+1 1
cfn=(454)
calls=1 -32 
* 648
+1 3
-1 1
+1 1
cfn=(454)
calls=1 -33 
* 583
+5 1
+1 1
+1 1
+1 1
+1 8

fn=(12)
42 1
+1 2
+1 2
+1 2
+1 2
+1 1

fn=(134)
239 2
+3 4
+2 2
+1 4
+4 3
-2 2
+4 28
+5 84
-2 56
+13 1
+4 4
-22 14
+15 14
-15 30

fl=(71) ./malloc/./malloc/scratch_buffer_set_array_size.c
fn=(228) __libc_scratch_buffer_set_array_size
30 26
+4 2
+1 4
+10 4
+18 2
-17 2
+17 10

fl=(37)
fn=(108)
172 6
+3 1
-3 3
+3 1
-3 5
+2 1
cfi=(38)
cfn=(110)
calls=1 29 
* 49
+1 1
fi=(40) ./elf/./dl-hwcaps.h
43 1
fe=(37)
174 1
fi=(40)
45 2
+32 1
+1 1
+1 1
fe=(37)
-27 2
cfi=(39)
cfn=(114)
calls=1 -1 
* 23
* 2
fi=(40)
-9 1
+2 1
-2 1
+34 2
+1 2
+1 1
fe=(37)
-24 2
-1 2
+1 2
+1 2
+1 2
-5 4
cfi=(39)
cfn=(114)
calls=2 -1 
* 130
* 2
cfi=(39)
cfn=(114)
calls=1 -1 
* 125
* 6
+48 4
fi=(28)
-44 2
cfi=(27)
cfn=(78)
calls=1 -20 
* 30
fe=(37)
+46 2
-2 1
+2 1
+3 1
+3 1
fi=(40)
-65 1
+2 1
fe=(37)
+67 1
fi=(40)
-66 1
fe=(37)
+66 2
cfi=(39)
cfn=(120)
calls=1 -87 
* 13
* 2
fi=(40)
-69 1
+2 1
-2 1
+34 2
+1 2
+1 1
fe=(37)
+48 10
+1 4
+1 2
+1 2
-1 2
-4 4
cfi=(39)
cfn=(114)
calls=2 -74 
* 130
* 2
cfi=(39)
cfn=(114)
calls=1 -74 
* 125
* 6
+8 3
+9 5
+3 8
-2 6
+14 1
+4 1
+1 1
+1 1
-20 3
+19 1
+1 1
-20 2
+8 2
+4 2
-4 3
+4 2
cfi=(42)
cfn=(122)
calls=1 -96 
* 19
+1 3
-14 8
+47 1
-4 2
+4 2
-3 1
+7 1
-7 2
+7 1
fi=(28)
56 1
cfi=(27)
cfn=(78)
calls=1 -20 
* 30
* 1
fe=(37)
194 2
+8 1
fi=(40)
43 1
fe=(37)
201 1
80 1
fi=(40)
-35 1
fe=(37)
+35 1
202 1
fi=(40)
77 1
+1 1
fe=(37)
202 3
fi=(40)
79 1
fe=(37)
-2 2
cfi=(39)
cfn=(114)
calls=1 -26 
* 23
* 2
fi=(40)
-34 1
+2 1
fe=(37)
+35 2
fi=(40)
-37 1
+34 2
+1 2
+1 3
fe=(37)
+1 4
+7 2
-7 8
cfi=(29)
cfn=(126)
calls=2 197 
* 26
+4 2
+2 2
+2 2
-2 4
-9 4
cfi=(39)
cfn=(114)
calls=2 -26 
* 130
* 2
cfi=(39)
cfn=(114)
calls=1 -26 
* 125
* 6
213 2
-5 1
+1 1
-1 1
+5 1
+3 9

fl=(64)
fn=(202)
143 4
+1 2
-1 1
+1 1
-1 2
+1 1
-1 1
+1 1
-1 4
+1 3
-1 1
+1 7
-8 1
+8 2
-8 1
-6 1
-2 1
+16 1
-8 1
-7 1
+1 1
+6 1
+24 4
-28 3
-2 1
+31 1
-33 2
+2 2
+30 2
-30 1
-1 4
+7 4
+24 3
+28 3
-6 1
+46 1
fi=(72) ./elf/../include/scratch_buffer.h
77 1
fe=(64)
+87 1
fi=(72)
-87 1
+1 1
fe=(64)
184 1
+44 4
-31 1
-4 1
+4 5
-4 3
+4 6
+11 12
-18 2
+18 4
417 8
+2 2
+3 2
-3 6
+3 2
-3 2
fi=(28)
56 2
cfi=(27)
cfn=(78)
calls=2 -20 
* 60
fe=(64)
423 6
fi=(28)
56 2
fe=(64)
423 2
+6 2
+1 10
cfi=(29)
cfn=(82)
calls=2 210 
* 22
+1 10
cfi=(29)
cfn=(82)
calls=2 210 
* 22
+3 2
+1 4
+4 12
188 6
442 9
-1 4
+1 8
183 6
+27 8
+7 2
+4 2
-6 2
+1 2
+1 2
+1 4
+3 6
-2 2
-29 10
+32 112
+6 8
cfi=(30)
cfn=(204)
calls=2 +10 
* 118
* 6
+4 4
-2 2
+2 4
cfi=(50)
cfn=(160)
calls=2 -28 
* 5605
+1 4
+9 2
+2 4
+5 10
+6 2
+2 2
-8 4
+3 2
+1 2
+1 2
+1 2
+4 2
-3 2
+3 6
+4 6
+1 3
-43 230
+7 4
+38 162
fi=(72)
85 3
fe=(64)
448 5
+1 1
+3 4
+11 5
fi=(28)
56 1
cfi=(27)
cfn=(78)
calls=1 -20 
* 30
fe=(64)
465 3
fi=(28)
56 1
fe=(64)
465 1
+5 2
+1 1
-1 3
+4 3
-2 2
+13 3
+5 3
-16 9
+11 3
-7 3
+7 3
-2 6
-5 1
+7 1
-2 2
+2 1
-11 1
+11 1
+5 1
-16 3
+21 3
+37 2
+15 2
-14 2
+20 1
-1 4
+1 4
-1 5
cfi=(13)
cfn=(232)
calls=1 298 
* 277
+5 1
+2 1
+1 1
+1 2
-2 1
+2 1
+7 3
+3 2
+3 8
198 25
+3 2
fi=(72)
-70 8
cfi=(71)
cfn=(228)
calls=2 30 
* 50
fe=(64)
+70 6
+4 4
547 4
cfi=(29)
cfn=(82)
calls=1 210 
* 11
* 3
-53 2
144 2

fn=(206)
61 12
+7 2
-4 6
+1 2
-1 14
cfi=(30)
cfn=(166)
calls=2 1967 
* 5429
* 2
+5 6

fl=(45)
fn=(144)
56 3
+3 2
+4 1
+22 1
+10 1
-32 2
+1 1
+21 2
+5 2
+1 1
+4 1
-4 1
-1 1
+2 1
+3 1
+4 2
+8 2
-50 1
+4 2
+35 6

fn=(196)
38 3
+3 3
-1 6
+4 6
+4 3

fn=(150)
116 2
+1 2

fl=(43)
fn=(130)
132 7
+1 35
+5 7
+1 7
+3 2
+1 2
244 2
+1 2
+12 2
+3 2
+1 2
+12 2
+1 2
+13 2
+1 2
+2 2
+3 1
+3 2
+3 1
+1 1
+1 1
+1 1
+1 1
+1 1
+1 1
-6 34
+1 34
+1 34
+1 34
+1 34
+1 34
+1 34
+3 2
+1 2
+1 2
+1 2
+5 2
+34 5
+2 5
+1 5
+39 5
+1 5
+2 5

fl=(26)
fn=(84)
31 12
+2 3
-2 6
+2 3
-2 9
+2 3
cfi=(24)
cfn=(86)
calls=3 +9 
* 9
+2 26
+3 20
+2 2
+2 2
+4 2
+4 2
-4 4
+1 4
+1 4
+3 10
-1 2
cfi=(24)
cfn=(86)
calls=2 -8 
* 6
-4 1
+4 1
-4 2
+1 2
+1 2
+3 5
-1 1
cfi=(24)
cfn=(86)
calls=1 -8 
* 3
-5 2

fn=(72)
59 45
+3 6
+18 4
+3 2
cfi=(22)
cfn=(62)
calls=2 -26 
* 52
+4 2
-4 2
+4 2
+5 2
-9 6
fi=(28)
-39 4
cfi=(27)
cfn=(74)
calls=2 +36 
* 183
fe=(26)
+39 1
fi=(28)
-39 2
cfi=(27)
cfn=(74)
calls=1 +36 
* 47
* 3
fe=(26)
+51 6
+5 3
+4 3
-6 3
+2 3
+4 3
-5 3
+4 3
+1 3
-1 3
+1 6
cfi=(29)
cfn=(82)
calls=3 210 
* 44
* 3
+15 3
-15 3
+2 3
+13 6
+6 1
+2 7
+3 2
-3 14
+3 4
+2 3
+4 3
+3 10
+2 12
-2 8
+2 8
-2 16
+16 6
-5 3
+5 3
-6 3
+6 3
-6 3
+6 6
+2 4
+3 4
-3 4
+7 8
+4 6
+8 1
+13 1
-10 2
+10 5
-10 4
+10 6
+2 2
cfi=(22)
cfn=(62)
calls=2 57 
* 70
+21 2
-21 6
+17 2
-13 6
+50 6
cfi=(29)
cfn=(126)
calls=2 -48 
* 34
* 2
+5 4
+1 4
-1 80
+1 80
+4 4
+1 2
+3 2
+4 27
131 6
-8 2
-4 4
+34 1
+7 4
+8 8
fi=(28)
56 4
cfi=(27)
cfn=(78)
calls=2 -20 
* 60
* 2
fe=(26)
200 4
-1 4
64 2
+2 3
+1 2
+4 6
+6 2

fl=(29)
fn=(126)
197 13
+1 13
+1 13
+1 13
+17 13
+1 13
+2 5
+1 5
+1 5
+2 4
+1 4
+1 4
+2 4
+80 8
+1 8
+2 1
+4 1
+1 1
+1 1
+8 1
+39 7
+1 7
+1 7
+1 7
+1 7
+7 1
+1 1
+1 1
+1 1
+1 1
+1 1
+1 1
+11 1
+1 1
+2 1
+1 1
+1 1

fn=(82)
210 18
+1 18
+6 18
+1 18
+2 10
+1 10
+1 10
+2 7
+1 7
+1 7
+2 7
+80 8
+1 8
+2 1
+4 1
+1 1
+1 1
+1 1
+1 1
+4 1
+2 1
+39 7
+1 7
+1 7
+1 7
+1 7
+7 3
+1 3
+1 3
+1 3
+1 3
+1 3
+1 3
+11 3
+1 3
+2 3
+1 3
+1 3

fl=(11)
fn=(58) __GI___tunable_set_val
153 15
-81 40
+81 15
-81 10
+10 5
fi=(235) ./elf/./dl-tunable-types.h
+2 5
fe=(11)
+9 40
+1 25
fi=(12) ./elf/./elf/dl-tunables.h
+47 10
fe=(11)
-26 25
+1 5
+1 5
+1 5
+39 15
fi=(12)
-15 10
fe=(11)
-45 10
+3 5
fi=(12)
+51 5
fe=(11)
-51 5
+4 10
+7 10
+1 10
-12 25

fn=(28)
387 36
+3 72
-3 36
+3 288
+9 33
-9 66
+19 22
+7 216
+2 36
-19 14
+1 14
+9 6

fn=(22) __GI___tunables_init
261 8
+22 1
-22 1
128 1
283 1
-22 1
+6 4
42 200
+6 39
-3 39
+3 3447
+4 78
+4 78
fi=(12)
160 39
fe=(11)
56 78
fi=(12)
161 22
-1 105
+1 139
-1 78
fe=(11)
281 6396
+6 11583
fi=(12)
160 390
+1 780
-1 25
+1 100
-1 125
fe=(11)
304 8

fl=(1) ???
fn=(0) 0x000000000001f540
0 2
cfi=(2)
cfn=(2)
calls=1 517 
0 143294
0 8
cfi=(76)
cfn=(492)
calls=1 331 
0 4
0 10
cfi=(155)
cfn=(496)
calls=1 81 
0 393
0 3
cob=(5) /home/filipe/ufmg/algoritimos-estruturas-de-dados/ufmg_dcc205_ap_05/bin/ap5.out
cfi=(161) ???
cfn=(522) (below main)
calls=1 0 
0 68269

fl=(225)
fn=(752)
24 32
+4 8
+6 4
-2 4
+3 8
+3 2
+1 2
-1 2
+1 4
+3 8
+1 2
cob=(4)
cfi=(156)
cfn=(780) 0x00000000000010d0
calls=1 -43 
* 98
cob=(5)
cfi=(161)
cfn=(754) 0x00000000000012a0
calls=1 -43 
* 98
-1 8
+5 4
+1 8
+1 4
+1 10
-1 2
cob=(3)
cfi=(153)
cfn=(796) 0x000000000483d294
calls=1 -49 
* 4
cob=(3)
cfi=(153)
cfn=(776) 0x000000000010a8f8
calls=1 -49 
* 4
+1 12

fl=(32)
fn=(94)
98 197
+33 197
+1 197
+2 197
+1 197
+21 197
+1 197
+1 165
+1 165
+1 155
+1 155
+1 155
+1 155
+17 155
+1 155
+1 155
+1 155
+1 155
+1 155
+1 155
+5 11
+1 33
+9 11
+1 11
+1 11
+1 11
+1 11
+1 11
+1 11
+1 11
-7 42
+1 42
+1 42
+1 42
+1 42
+1 42
+1 42
+1 42
+1 51
+1 24
+1 24
+1 24
+2 24
+1 24
+1 24
+1 24
+1 24
+1 24
-5 27
+1 27
+1 27
+1 27
+1 27
+1 27
+10 2
+1 2
+1 2
+2 2
+6 2
+1 2
+1 2
+1 2
+1 2
+5 2
+52 6
+1 6
+1 6
+1 6
+1 6
+2 6
+1 6
+1 6
+1 6
+1 6
+1 6
+1 6
+1 6
+3 6
+1 6
+1 6
+6 6
+1 6
+1 12
+4 6
+1 6
+3 6
+1 6
+1 6
+2 6
+1 6
+1 6
+4 6
+1 6
+1 6
+1 6
+1 6
+1 6
661 1
+1 1
+1 1
+1 1
+1 1
+2 1
+1 1
+1 1
+1 1
+1 1
+1 1
+1 1
780 1
+1 1
+1 1
+1 1
+1 1
+2 1
+1 1
+1 1
+1 1
+1 1
+1 1
+1 1
899 3
+1 3
+1 3
+1 3
+1 3
+2 3
+1 3
+1 3
+1 3
+1 3
+1 3
+1 3
+1 2
+4 2
+1 2
+1 2
+6 2
+1 2
+1 4
+4 2
+1 2
+3 2
+1 2
+1 2
+2 2
+1 2
+1 2
+4 2
+1 2
+1 2
+1 2
+1 2
+1 2
+7 1
+1 1
+2 1
+1 1
+2 1
+1 1
+1 1
+2 1
+1 1
+1 1
+4 1
+1 1
+1 1
+1 1
+1 1
+1 1
+41 3
+1 3
+1 3
+1 3
+1 3
+2 3
+1 3
+1 3
+1 3
+1 3
+1 3
+1 3
+1 3
+4 3
+1 3
+1 3
+6 3
+1 3
+1 6
+4 3
+1 3
+3 3
+1 3
+1 3
+2 3
+1 3
+1 3
+4 3
+1 3
+1 3
+1 3
+1 3
+1 3
+69 3
+1 3
+1 3
+1 3
+1 3
+2 3
+1 3
+1 3
+1 3
+1 3
+1 3
+1 3
1256 8
+1 8
+1 8
+1 8
+1 8
+2 8
+1 8
+1 8
+1 8
+1 8
+1 8
+1 8
1375 1
+1 1
+1 1
+1 1
+1 1
+2 1
+1 1
+1 1
+1 1
+1 1
+1 1
+1 1
1494 6
+1 6
+1 6
+1 6
+1 6
+2 6
+1 6
+1 6
+1 6
+1 6
+1 6
+1 6
+1 6
+4 6
+1 6
+1 6
+6 6
+1 6
+1 12
+4 6
+1 6
+3 6
+1 6
+1 6
+2 6
+1 6
+1 6
+4 6
+1 6
+1 6
+1 6
+1 6
+1 6
+69 1
+1 1
+1 1
+1 1
+1 1
+2 1
+1 1
+1 1
+1 1
+1 1
+1 1
+1 1
+1 1
+4 1
+1 1
+1 1
+6 1
+1 1
+1 2
+4 1
+1 1
+3 1
+1 1
+1 1
+2 1
+1 1
+1 1
+4 1
+1 1
+1 1
+1 1
+1 1
+1 1
+7 1
+1 1
+2 1
+1 1
+2 1
+1 1
+1 1
+2 1
+1 1
+1 1
+4 1
+1 1
+1 1
+1 1
+1 1
+1 1
+41 12
+1 12
+1 12
+1 12
+1 12
+2 12
+1 12
+1 12
+1 12
+1 12
+1 12
+1 12
+1 9
+4 9
+1 9
+1 9
+6 9
+1 9
+1 18
+4 9
+1 9
+3 9
+1 9
+1 9
+2 9
+1 9
+1 9
+4 9
+1 9
+1 9
+1 9
+1 9
+1 9
+7 1
+1 1
+2 1
+1 1
+2 1
+1 1
+1 1
+2 1
+1 1
+1 1
+4 1
+1 1
+1 1
+1 1
+1 1
+1 1
+41 5
+1 5
+1 5
+1 5
+1 5
+2 5
+1 5
+1 5
+1 5
+1 5
+1 5
+1 5
+1 3
+4 3
+1 3
+1 3
+6 3
+1 3
+1 6
+4 3
+1 3
+3 3
+1 3
+1 3
+2 3
+1 3
+1 3
+4 3
+1 3
+1 3
+1 3
+1 3
+1 3
+69 1
+1 1
+1 1
+1 1
+1 1
+2 1
+1 1
+1 1
+1 1
+1 1
+1 1
+1 1
2093 30
+2 30
+1 30
+1 30
+1 30
-3 23
+1 23
+1 23
+1 23
+1 48
+5 24
+6 24
+1 24
+8 24
+1 24
-16 173
+6 173
+1 173
+8 173
+1 173

fn=(244)
98 1
+27 1
+1 1
+1 1
+1 1
+1 1
+2 1
+1 1
+2 1
+1 1
+21 1
+1 1
+1 1
+1 1
+1 1
+1 1
+1 1
+1 1
+17 1
+1 1
+1 1
+1 1
+1 1
+1 1
+1 1
2104 1
+3 1
+1 1
+2 1
+1 1
+8 1
+1 1

fl=(63)
fn=(200)
25 1
+2 7
+4 1

fl=(62)
fn=(194)
25 3
+1 12
+1 3

fl=(77)
fn=(262)
207 55
+1 10
+12 4
+4 16
-4 4
+6 12
+3 4
-1 4
+1 8
+22 20
+4 4
+7 6
fi=(6)
81 8
fi=(4)
-2 4
fe=(77)
301 8
fi=(4)
79 8
fe=(77)
301 9833
fi=(4)
79 1
fe=(77)
301 1
fi=(4)
79 2
fe=(77)
301 154
-80 8
fi=(6)
393 8
fe=(77)
190 4
+31 4
-31 4
fi=(6)
393 12
fi=(5)
49 4
fe=(77)
301 4
fi=(5)
50 4
+30 4
-31 8
+4 4
-3 4
+3 4
-3 4
+3 12
+27 8
-31 4
fe=(77)
301 4
fi=(5)
50 4
+30 4
-31 8
+4 4
-3 4
+3 4
-3 4
+3 12
+27 8
fe=(77)
301 24
fi=(5)
51 4
fi=(4)
+28 20
fi=(6)
730 8
+4 6
fe=(77)
304 20
+24 4
+3 8
+17 12
+2 40
-98 8
+3 4
+7 2
-9 2
+9 4
fi=(6)
81 4
fi=(5)
+33 24
+9 14
+1 2
fi=(6)
498 2
fi=(5)
124 2
fi=(6)
498 4
fi=(5)
124 4
fi=(6)
498 4
fi=(5)
124 4
fi=(6)
498 8
+5 12
+1 6
fi=(5)
123 6
fi=(6)
504 6
-5 6
fi=(5)
123 12
+3 24
+3 24
+2 21
fe=(77)
+59 6
fi=(5)
73 3
fe=(77)
190 3
fi=(5)
72 3
fe=(77)
190 27
fi=(5)
-57 6
+1 3
+1 3
-2 3
+2 3
+3 3
-5 3
+2 3
-2 3
+1 6
+2 3
-2 3
+2 9
+2 6
-5 336
+1 168
+1 168
-2 168
+2 168
+3 168
-5 168
+2 168
-2 168
+1 336
+2 168
-2 168
+2 504
+2 336
+9 124
fi=(6)
267 248
+7 248
+4 248
fe=(77)
170 496
fi=(4)
-30 327
fe=(77)
+31 218
+3 218
+8 204
-8 906
+12 198
-3 99
+1 99
+2 402
-3 3
+1 3
+2 114
+1 102
-1 102
+2 204
-1 408
+3 612
cfi=(78)
cfn=(270)
calls=102 772 
* 55853
+3 102
+1 204
-4 102
+4 510
fi=(6)
+93 433
+3 106
-3 333
+3 121
-3 121
+5 244
+25 744
423 24
fi=(5)
150 24
fi=(6)
423 196
fi=(5)
150 332
-19 693
+33 12
+1 64
+1 189
+3 94
+4 47
-1 47
-3 47
+2 94
+2 47
-2 94
fe=(77)
-1 188
fi=(6)
287 47
+3 47
-3 47
+4 94
476 94
+2 47
cfi=(15)
cfn=(462)
calls=1 71 
* 6
cob=(2)
cfi=(139) ./string/../sysdeps/x86_64/multiarch/strncase.c
cfn=(432) strncasecmp
calls=1 31 
* 21
cob=(2)
cfi=(138) ./string/../sysdeps/x86_64/multiarch/mempcpy.c
cfn=(428) mempcpy
calls=1 33 
* 22
cob=(2)
cfi=(137) ./wcsmbs/../sysdeps/x86_64/multiarch/wcpcpy.c
cfn=(424) wcpncpy
calls=1 31 
* 18
cob=(2)
cfi=(136) ./string/../sysdeps/x86_64/multiarch/strspn.c
cfn=(422) strspn
calls=1 29 
* 7
cob=(2)
cfi=(134) ./string/../sysdeps/x86_64/multiarch/memchr.c
cfn=(418) memchr
calls=1 29 
* 23
cob=(2)
cfi=(133) ./string/../sysdeps/x86_64/multiarch/memmove.c
cfn=(414) memmove
calls=1 29 
* 22
cob=(2)
cfi=(132) ./string/../sysdeps/x86_64/multiarch/stpcpy.c
cfn=(410) stpcpy
calls=1 33 
* 17
cob=(2)
cfi=(131) ./debug/../sysdeps/x86_64/multiarch/memmove_chk.c
cfn=(406) __memmove_chk
calls=1 29 
* 22
cob=(2)
cfi=(129) ./wcsmbs/../sysdeps/x86_64/multiarch/wmemcmp.c
cfn=(402) wmemcmp
calls=1 29 
* 24
cob=(2)
cfi=(128) ./string/../sysdeps/x86_64/multiarch/strncpy.c
cfn=(398) strncpy
calls=1 29 
* 19
cob=(2)
cfi=(127) ./string/../sysdeps/x86_64/multiarch/strlen.c
cfn=(394) strlen
calls=1 29 
* 25
cob=(2)
cfi=(100) ./wcsmbs/../sysdeps/x86_64/multiarch/wcscat.c
cfn=(390) wcscat
calls=1 31 
* 18
cob=(2)
cfi=(126) ./string/../sysdeps/x86_64/multiarch/strcasecmp_l.c
cfn=(386) strcasecmp_l
calls=1 31 
* 21
cob=(2)
cfi=(125) ./string/../sysdeps/x86_64/multiarch/strcpy.c
cfn=(382) strcpy
calls=1 29 
* 17
cob=(2)
cfi=(123) ./wcsmbs/../sysdeps/x86_64/multiarch/wmemset.c
cfn=(378) wmemset
calls=2 31 
* 20
cob=(2)
cfi=(121) ./string/../sysdeps/x86_64/multiarch/memcmp.c
cfn=(374) bcmp
calls=1 29 
* 24
cob=(2)
cfi=(120) ./string/../sysdeps/x86_64/multiarch/strchrnul.c
cfn=(370) strchrnul
calls=1 31 
* 25
cob=(2)
cfi=(119) ./string/../sysdeps/x86_64/multiarch/strncase_l.c
cfn=(366) strncasecmp_l
calls=1 31 
* 21
cob=(2)
cfi=(117) ./string/../sysdeps/x86_64/multiarch/strcat.c
cfn=(362) strcat
calls=1 29 
* 17
cob=(2)
cfi=(116) ./wcsmbs/../sysdeps/x86_64/multiarch/wcscpy.c
cfn=(360) wcscpy
calls=1 60 
* 16
cob=(2)
cfi=(115) ./string/../sysdeps/x86_64/multiarch/strcspn.c
cfn=(358) strcspn
calls=1 29 
* 7
cob=(2)
cfi=(113) ./string/../sysdeps/x86_64/multiarch/strcasecmp.c
cfn=(354) strcasecmp
calls=1 31 
* 21
cob=(2)
cfi=(112) ./string/../sysdeps/x86_64/multiarch/strncmp.c
cfn=(352) strncmp
calls=1 67 
* 21
cob=(2)
cfi=(110) ./wcsmbs/../sysdeps/x86_64/multiarch/wmemchr.c
cfn=(348) wmemchr
calls=2 31 
* 46
cob=(2)
cfi=(108) ./string/../sysdeps/x86_64/multiarch/stpncpy.c
cfn=(344) stpncpy
calls=1 31 
* 19
cob=(2)
cfi=(107) ./wcsmbs/../sysdeps/x86_64/multiarch/wcscmp.c
cfn=(340) wcscmp
calls=1 30 
* 25
cob=(2)
cfi=(106) ./string/../sysdeps/x86_64/multiarch/strrchr.c
cfn=(336) rindex
calls=1 28 
* 25
cob=(2)
cfi=(104) ./debug/../sysdeps/x86_64/multiarch/memset_chk.c
cfn=(332) __memset_chk
calls=1 29 
* 24
cob=(2)
cfi=(103) ./string/../sysdeps/x86_64/multiarch/strchr.c
cfn=(330) index
calls=1 65 
* 19
cob=(2)
cfi=(100)
cfn=(324) wcschr
calls=2 31 
* 50
cob=(2)
cfi=(98) ./string/../sysdeps/x86_64/multiarch/memcmpeq.c
cfn=(320) memcpy@@GLIBC_2.14
calls=1 29 
* 22
cob=(2)
cfi=(96) ./wcsmbs/../sysdeps/x86_64/multiarch/wcsncpy.c
cfn=(316) wcsncpy
calls=1 31 
* 18
cob=(2)
cfi=(95) ./string/../sysdeps/x86_64/multiarch/memrchr.c
cfn=(312) memrchr
calls=1 29 
* 25
cob=(2)
cfi=(94) ./debug/../sysdeps/x86_64/multiarch/memcpy_chk.c
cfn=(308) __memcpy_chk
calls=1 29 
* 22
cob=(2)
cfi=(92) ./debug/../sysdeps/x86_64/multiarch/mempcpy_chk.c
cfn=(304) __mempcpy_chk
calls=1 29 
* 22
cob=(2)
cfi=(91) ./wcsmbs/../sysdeps/x86_64/multiarch/wcslen.c
cfn=(300) wcslen
calls=1 29 
* 19
cob=(2)
cfi=(89) ./string/../sysdeps/x86_64/multiarch/memset.c
cfn=(296) memset
calls=1 29 
* 24
cob=(2)
cfi=(87) ./wcsmbs/../sysdeps/x86_64/multiarch/wcsnlen.c
cfn=(292) wcsnlen
calls=1 30 
* 19
cob=(2)
cfi=(86) ./string/../sysdeps/x86_64/multiarch/strcmp.c
cfn=(290) strcmp
calls=1 79 
* 19
cob=(2)
cfi=(85) ./string/../sysdeps/x86_64/multiarch/strpbrk.c
cfn=(288) strpbrk
calls=1 29 
* 7
cob=(2)
cfi=(83) ./string/../sysdeps/x86_64/multiarch/strnlen.c
cfn=(284) strnlen
calls=2 31 
* 50
cob=(2)
cfi=(81) ./string/../sysdeps/x86/cacheinfo.c
cfn=(280) __x86_cacheinfo
calls=1 86 
* 28
fi=(5)
165 47
fi=(6)
479 47
fi=(5)
165 100
-14 90
fi=(6)
460 6
+5 4
-1 6
+1 4
-1 2
cfi=(29)
cfn=(82)
calls=2 210 
* 22
+2 10
+1 4
-67 48
+2 64
+4 16
+9 16
-9 32
+9 16
fi=(5)
150 32
fi=(6)
320 30
+3 30
-36 75
fi=(5)
141 47
+1 47
-1 141
+2 47
fi=(6)
287 235
fe=(77)
175 63
+3 7
-1 7
+19 7
-18 14
fi=(6)
295 2
+1 3
+11 2
+7 1
cob=(2)
cfi=(125)
cfn=(382)
calls=1 29 
* 17
* 4
fe=(77)
+42 20
+3 4
-3 4
+3 4
+4 8
+1 16
cfi=(140) ./misc/../sysdeps/unix/syscall-template.S
cfn=(436) mprotect
calls=4 117 
* 24
* 8
-63 6
fi=(5)
180 7
fe=(77)
+10 2
fi=(5)
73 1
fe=(77)
190 3
fi=(6)
436 7
fi=(5)
182 2
+1 2
-1 1
+3 1
-3 4
+3 2
-3 10
+1 10
-1 5
+3 5
-3 20
+3 10
+8 6
fi=(6)
+74 12
+7 12
+4 12
fe=(77)
170 24
fi=(4)
-30 18
fe=(77)
+31 12
+3 12
+8 12
-8 54
+12 12
-3 6
+1 6
+2 36
+4 24
-4 6
+4 18
cfi=(78)
cfn=(270)
calls=6 772 
* 2969
+3 6
+1 12
-4 6
+4 30
fi=(6)
+93 20
+3 2
-3 6
+3 2
-3 2
+5 4
+25 36
423 6
fi=(5)
196 18
-16 24
+31 7
fe=(77)
-33 7
-3 21

fl=(66)
fn=(212)
146 6
-55 6
+70 7
+1 1
-2 4
+1 4

fl=(9)
fn=(18) _dl_sysdep_parse_arguments
78 1
+2 1
-2 6
+1 1
+1 1
-1 1
+2 2
+2 1
-2 1
+2 2
-1 1
+1 2
-1 38
+1 76
+7 56
fi=(10) ./elf/../sysdeps/unix/sysv/linux/dl-parse_auxv.h
-49 1
fe=(9)
+45 1
fi=(10)
-54 1
fe=(9)
+54 1
fi=(10)
-54 1
+1 1
+1 1
+7 3
+1 40
+1 20
-2 20
+2 20
-2 61
fe=(9)
+52 3
+1 1
+1 2
fi=(10)
-49 1
+1 1
fe=(9)
+46 1
fi=(10)
-45 1
+3 1
+1 1
+1 1
+1 1
+2 1
-5 1
-4 1
+1 1
+4 1
+1 1
+3 1
-7 1
-4 1
+1 1
+8 1
fe=(9)
+40 1
-1 1
+2 1
+1 6

fn=(480)
147 1
+1 1

fn=(16)
102 5
+4 1
-4 1
+1 1
+3 1
cfn=(18)
calls=1 -28 
* 395
+4 2
cfi=(11)
cfn=(22)
calls=1 261 
* 23766
+3 1
cfi=(13)
cfn=(26) _dl_sort_maps_init
calls=1 289 
* 38
+2 2
cfi=(14) ./elf/../sysdeps/unix/sysv/linux/brk.c
cfn=(30) brk
calls=1 -79 
* 8
fi=(6)
220 1
cfi=(15)
cfn=(34)
calls=1 37 
* 7349
fe=(9)
-98 3
+1 1
cfi=(22)
cfn=(62)
calls=1 -66 
* 17
* 1
+2 2
cfi=(23) ./elf/../misc/sbrk.c
cfn=(64) sbrk
calls=1 -88 
* 16
* 3
+12 3
+3 5
cfi=(2)
cfn=(66)
calls=1 1346 
* 110995
+3 4

fl=(48)
fn=(542) _dl_audit_preinit
118 1
+1 4

fn=(152)
29 2
+2 1
-2 5
+1 1
+1 2
+6 6

fn=(482)
41 3
+4 12
+1 3
+1 15

fn=(778)
97 4
+1 16

fn=(198)
77 2
+1 8

fl=(20) ./elf/../sysdeps/x86/dl-cacheinfo.h
fn=(52) intel_check_word.constprop.0
123 48
-4 72
+10 24
-10 96
+10 48
-10 24
+10 24
-10 24
+10 24
+2 48
+71 48
fi=(21) ./elf/../bits/stdlib-bsearch.h
32 24
fe=(20)
202 120
-71 96
+2 60
+2 120
+8 120
+51 96
+22 48
fi=(21)
28 48
-1 96
+2 216
+2 168
+1 84
fe=(20)
+78 168
+3 324
fi=(21)
-78 264
-6 528
+2 480
+1 240
fe=(20)
+78 480
+15 12
246 144
fi=(21)
37 120
fe=(20)
155 36
+3 36
-6 12
+3 39
+9 18
+23 21
-32 63
+3 63
+4 58
+2 116
+3 84
+1 48
+1 48
+1 30
+2 11
+2 22
+6 14
+3 8
+1 12
-20 15
+12 4
+2 4
+1 4
-2 4
-1 4
+2 8
-2 4
+3 4
-2 12
+2 12
+11 2
-9 12

fn=(56) get_common_cache_info.constprop.0
571 11
+17 1
+1 1
+9 1
-12 1
+2 1
+2 1
+8 1
-11 1
+3 1
+11 2
-5 3
+17 1
+5 3
+4 2
770 5
+1 5
+4 2
+8 1
-1 1
+1 1
+1 1
+1 7
627 5
+3 6
-32 5
+75 4
+8 5
+2 2
-2 1
+6 3
+3 1
+1 5
-4 4
+21 2
-21 4
+2 1
+2 4
-4 1
+6 4
+3 2
+5 1
+2 2
+1 1
+1 1
-2 2
+1 1
-19 4
+46 2
+1 1
+1 2
+1 1
+25 3
630 3
+10 6
+14 2
+4 1
+3 1
+1 1
-4 2
+3 3
+6 4
-37 12
+7 6
-7 3
+7 2
+3 20
+5 2
+4 1
+1 1
-1 2
+1 1
+61 2
+7 1
+2 2
-16 1
+22 1
-6 2
+1 1
+5 1
-30 5

fn=(50) handle_intel.constprop.0
255 24
-5 12
+17 12
-17 96
+11 12
+1 12
+5 36
+4 24
+34 96
-29 12
+3 24
-3 12
+3 36
cfn=(52)
calls=12 123 
* 4092
+2 24
+3 60
cfn=(52)
calls=12 123 
* 1272
+2 24

fl=(16)
fn=(42) update_active.constprop.0
72 8
+4 1
+37 1
+4 1
-31 1
-1 1
-1 1
+25 1
-14 1
-10 1
-1 2
+25 1
-24 1
+19 1
-10 1
+9 1
+6 1
+7 1
-22 1
+9 1
+13 2
-4 1
-18 1
+22 1
-13 1
+9 1
+4 1
+5 1
-9 1
+9 2
-4 1
+4 2
+1 1
-28 1
+28 1
-19 1
+6 1
+3 1
+10 1
+2 1
-1 1
+6 1
-5 1
-1 2
+5 1
+2 1
-2 4
+1 1
+1 1
-1 2
+1 1
-1 1
+3 2
+1 4
+14 2
356 2
+4 3
fi=(18) ./elf/../sysdeps/unix/sysv/linux/x86/dl-hwcap2.h
25 2
fi=(19)
+5 1
-2 1
+2 3
fe=(16)
369 1
+1 8
151 2
+1 2
-1 5
+1 2
+2 3
+90 1
+1 1
-1 2
+17 4
+16 2
+5 1
-1 2
+4 4
+4 2
+4 3
+1 2
+3 1
-1 1
+9 1
-5 1
+2 1
-2 1
+5 1
+51 1
fi=(19)
31 1
fe=(16)
356 2
fi=(19)
32 3
+4 3
fe=(16)
158 4
+3 1
+3 2
+14 1
+2 1
+10 3
-12 1
+12 1
-12 1
+2 2
-2 1
+2 1
+8 1
-8 1
+6 3
+2 1
-2 1
+2 3
+7 5
fi=(19)
39 2
+1 4
-2 1
+7 4
+2 1
+1 2
+3 5
+2 4
+1 2
+1 2
+3 1
-1 1
+1 3
fe=(16)
171 1
-5 2
+4 1

fn=(36)
682 1
+17 1
-17 7
+3 1
+1 1
+1 1
+3 1
+9 2
+3 6
1001 3
+1 2
+3 2
+1 2
+6 1
+1 1
+1 1
+1 1
fi=(20)
792 1
+1 1
+2 1
+14 2
+85 1
+1 1
+15 1
-5 1
+5 1
-10 1
-6 1
+2 1
+14 1
-15 1
+2 1
-1 1
+2 1
-1 1
+2 1
-1 1
+1 1
+2 1
+1 1
+1 1
+1 1
+35 2
-15 3
+8 2
+27 6
+9 2
+19 2
+8 6
cfi=(11)
cfn=(28)
calls=1 387 
* 23
* 1
+2 2
+3 4
cfi=(11)
cfn=(28)
calls=1 387 
* 23
* 1
+2 2
+3 4
cfi=(11)
cfn=(28)
calls=1 387 
* 23
* 1
+1 5
+16 2
-12 5
cfi=(11)
cfn=(28)
calls=1 387 
* 23
* 1
+1 3
+6 3
+3 1
-3 2
cfi=(11)
cfn=(28)
calls=1 387 
* 23
* 1
+3 5
-3 1
+3 5
cfi=(11)
cfn=(58)
calls=1 153 
* 62
+1 10
cfi=(11)
cfn=(58)
calls=1 153 
* 62
+1 11
cfi=(11)
cfn=(58)
calls=1 153 
* 62
+3 10
cfi=(11)
cfn=(58)
calls=1 153 
* 62
+2 10
cfi=(11)
cfn=(58)
calls=1 153 
* 62
+13 1
+2 1
fe=(16)
-23 1
fi=(20)
+21 1
+3 1
fe=(16)
-24 1
fi=(20)
+26 1
-5 1
+2 1
-2 1
+3 1
fe=(16)
-24 1
fi=(20)
+25 1
+3 1
-1 1
fe=(16)
-27 1
cfi=(11)
cfn=(28)
calls=1 387 
* 22
+3 4
cfi=(11)
cfn=(28)
calls=1 387 
* 24
+6 3
+54 1
-1 1
+1 1
+45 4
cfi=(11)
cfn=(28)
calls=1 387 
* 22
+2 4
cfi=(11)
cfn=(28)
calls=1 387 
* 22
+6 4
cfi=(11)
cfn=(28)
calls=1 387 
* 24
+7 8
fi=(20)
974 12
fe=(16)
+68 1
-1 2
+1 3
+44 3
+27 2
-10 2
+1 2
+2 3
+1 2
+2 3
+1 2
fi=(20)
811 2
cfn=(50)
calls=1 255 
* 455
+1 1
-1 1
+1 1
cfn=(50)
calls=1 255 
* 503
+1 1
-1 1
+1 1
cfn=(50)
calls=1 255 
* 530
+4 1
-4 1
+1 2
+3 1
cfn=(50)
calls=1 255 
* 476
+2 1
-2 1
+2 1
cfn=(50)
calls=1 255 
* 468
+3 1
-3 1
+1 2
+2 1
cfn=(50)
calls=1 255 
* 446
+2 1
-2 1
+2 1
cfn=(50)
calls=1 255 
* 447
+3 1
-2 1
-1 1
+3 1
cfn=(50)
calls=1 255 
* 494
+2 1
-2 1
+2 1
cfn=(50)
calls=1 255 
* 495
+1 1
+2 1
-3 1
+1 1
+2 1
cfn=(50)
calls=1 255 
* 521
+2 1
-2 1
+2 1
cfn=(50)
calls=1 255 
* 522
+2 1
-2 1
+2 1
cfn=(50)
calls=1 255 
* 523
+2 4
-2 1
+2 1
cfn=(56)
calls=1 571 
* 223
+93 1
-6 3
+6 1
-6 2
+6 2
-6 2
+6 2
-1 2
fe=(16)
708 6
cfn=(38) get_common_indices.constprop.0
calls=1 398 
* 74
376 3
+1 2
+1 6
+5 2
713 1
cfn=(42)
calls=1 72 
* 222
+2 1
+2 1
1015 1
715 2
878 2
+7 2
+2 2
+4 2
+6 2
+2 1
706 2
-3 1
384 6
+5 2
+1 7
717 1
fi=(20)
987 1
-48 1
fe=(16)
717 1
fi=(20)
987 2
fe=(16)
717 6
+4 7
+78 1
-25 3
+92 2
+3 2
fi=(20)
+38 1
fe=(16)
-37 1
-89 2
+51 2

fn=(38)
398 3
+4 4
+3 3
+5 2
-5 1
+5 1
-5 1
+4 1
+1 1
+1 4
+1 4
+1 3
+1 2
+7 2
+2 5
+5 1
-5 1
+5 1
-5 1
+5 1
-5 2
+5 1
+7 1
-7 4
+7 1
+1 3
+6 1
-6 4
+6 1
fi=(17) ./elf/../sysdeps/unix/sysv/linux/x86/dl-minsigstacksize.h
24 2
+3 2
+1 2
+37 3
+7 1
+2 1
fe=(16)
457 3

fl=(14)
fn=(30)
36 1
fi=(236) ./elf/../sysdeps/unix/sysv/linux/brk_call.h
-12 2
fe=(14)
+13 1
+1 2
+6 1
+1 1

fl=(140)
fn=(436)
117 20
+5 4

fn=(486) munmap
117 5
+5 1

fl=(70)
fn=(224)
25 4
+1 8
+1 2

fl=(8)
fn=(14)
25 4
+3 4
-3 4
+3 8
+3 12
+1 8
+2 4
-1 4
+3 12
+1 4
+1 8
+7 4
-5 4
-2 4
+3 8
+2 4
+2 8
+5 4

fl=(78)
fn=(270)
772 672
+3 112
-3 336
+3 112
-3 448
fi=(79) ./elf/../sysdeps/generic/dl-new-hash.h
74 112
+3 224
-8 112
+1 224
+10 112
+1 224
-1 679
+1 1358
+20 739
-2 739
+6 739
-3 1478
+2 739
-30 739
+3 1478
fe=(78)
774 112
+1 112
+3 112
-4 112
+1 112
+7 430
+5 112
-2 112
+2 112
-2 112
+6 1603
+1 1568
cfn=(274) do_lookup_x
calls=112 347 
* 40251
* 336
+28 112
-23 336
+23 112
-23 224
+24 614
+7 105
-7 105
+35 420
+34 420
-20 315
+3 210
-57 112
+76 1008
fi=(79)
87 52
+1 52
+1 104
+1 52
fe=(78)
871 2
-72 42
+18 21
+11 28

fn=(276) check_match
70 1605
+3 638
+13 105
-13 105
+13 105
-13 105
+13 315
+3 390
cfi=(32)
cfn=(94)
calls=45 +9 
* 2384
* 90
+4 105
+1 210
+2 206
+19 206
+1 824
+45 105
+1 856
-18 4
+2 4
+1 2
-1 4
+1 6
-1 4
-29 309
cfi=(32)
cfn=(94)
calls=103 -19 
* 2782
* 206
-44 8
+5 4

fn=(274)
347 1008
+1 112
-1 448
+6 112
-6 112
+65 112
-58 112
+11 112
+50 112
-3 224
+3 224
-50 112
+50 448
-19 1074
+8 358
-4 358
+1 358
+3 1432
+1 716
+3 358
-3 358
+4 716
+4 716
-2 358
+5 1432
+3 2506
+99 765
358 720
+3 720
+4 732
+21 716
+4 716
+71 840
fi=(4)
139 210
+1 315
fe=(78)
476 210
fi=(80) ./elf/../sysdeps/generic/dl-protected.h
29 420
fe=(78)
483 816
+16 210
+1 105
+22 105
-21 105
+21 735
-99 321
-1 214
+2 214
+2 107
+6 428
-6 107
+6 749
+7 381
-10 1160
+2 107
+1 321
-1 107
+1 214
-1 107
+1 107
+1 107
-1 107
+1 107
-1 749
cfn=(276)
calls=107 70 
* 11687
+4 321
+3 4
+31 16
+52 7
-1 7
+1 49
-35 18

fl=(13)
fn=(232)
298 24
+8 2
-8 2
+8 4
+4 16
-99 2
-28 2
-2 2
+1 4
+29 2
-28 8
+1 2
-1 2
+1 2
-1 4
+1 6
-1 6
+1 6
-1 12
+28 30
+8 6
-3 2
+2 2
+1 4
-3 2
+5 26
+2 8
-83 40
cfn=(234) dfs_traversal.part.0
calls=8 -5 
* 292
+86 24
+18 8
+32 8
+7 2
+27 2
-47 6
cfi=(29)
cfn=(82)
calls=2 -53 
* 22
* 2

fn=(26)
289 2
+1 2
-1 2
+1 2
cfi=(11)
cfn=(28)
calls=1 +97 
* 24
+2 3
-1 1
+2 2

fn=(234)
135 72
+10 8
-2 8
+2 16
+2 20
-7 20
+7 40
+9 16
+15 24
+1 8
+1 48
-17 12

fl=(25)
fn=(70)
28 3
+1 3
+3 47
+13 37
-13 74
+2 78
+1 18
+5 2
-3 2
+3 2
+2 2

fl=(22)
fn=(62)
57 15
+44 15
+1 15
+1 15
+1 15
+1 15
+1 15
+1 15
+2 15
+2 15
+31 15
+1 15
+1 15
+1 15
+1 15
+1 9
+2 9
+4 6
+1 6
+1 6
+1 6
+1 6
+1 6
+1 6
+1 6
+1 6
+1 6
+1 6
+1 6
+5 48

fl=(23)
fn=(64)
37 4
+3 1
-3 2
+21 2
+4 2
+16 5

fl=(141)
fn=(446) _dlfo_process_initial
474 2
+3 2
-3 6
+1 2
+3 4
+26 14
+1 6
+1 8
-1 16
+3 28
+3 24
-7 10
+27 2
-2 2
+2 6
-18 18
+3 6
-1 6
cfi=(142)
cfn=(444)
calls=3 95 
* 189
+2 12

fn=(448) _dlfo_sort_mappings
536 1
+1 2
+3 4
+4 1
+1 1
-1 1
+1 2
-1 1
+1 1
-1 1
+1 6
+1 15
+3 2
-1 2
-3 9
+8 6
+1 4
-1 2
-13 4
+14 6
+1 4
-15 4
+17 1

fn=(442)
561 2
+3 1
-3 3
+5 2
+13 1
cfn=(446)
calls=1 474 
* 81
+1 1
-1 1
+1 1
fi=(28)
56 1
cfi=(27)
cfn=(78)
calls=1 -20 
* 30
fe=(141)
580 1
fi=(28)
56 1
fe=(141)
582 2
+3 2
+5 1
+1 1
cfn=(446)
calls=1 474 
* 282
+3 3
+10 4
-37 2
cfi=(142)
cfn=(444)
calls=1 95 
* 68
* 1
+29 2
cfn=(448)
calls=1 -60 
* 80
+3 6
+2 1

fl=(67)
fn=(214)
403 10
+2 2
+3 3
+74 1
205 1
482 2
+3 3
fi=(69) ./elf/../sysdeps/x86/dl-procinfo.h
39 2
+3 3
cfi=(32)
cfn=(94)
calls=1 +56 
* 25
* 4
fe=(67)
208 6
cfi=(11)
cfn=(28)
calls=1 387 
* 23
* 1
+12 1
-10 1
-2 1
+12 2
-7 5
+9 5
+1 1
-32 2
+36 1
-4 1
+4 2
-5 40
+1 8
-32 16
+36 8
-4 8
+4 16
+4 27
cfn=(222) _dl_cache_libcmp
calls=9 357 
* 674
+1 18
346 8
+3 3
220 6
347 5
220 12
+2 10
+20 2
+3 2
+2 4
cfn=(222)
calls=1 357 
* 73
* 2
-7 2
-30 3
+1 1
fi=(237) ./elf/../sysdeps/x86/dl-isa-level.h
28 2
fe=(67)
210 2
fi=(237)
28 1
fe=(67)
210 1
+1 1
-1 3
+76 3
fi=(237)
28 3
fe=(67)
259 2
+10 3
+1 4
+16 1
fi=(68) ./elf/../sysdeps/generic/dl-cache.h
125 1
fe=(67)
286 3
+9 2
+3 2
+3 1
+1 3
+28 2
500 2
+12 2
cfi=(22)
cfn=(62)
calls=1 57 
* 35
+1 1
-1 1
+1 12
+1 1
-1 1
+1 1
-1 1
+1 1
cfi=(29)
cfn=(82)
calls=1 210 
* 11
* 1
+1 1
cfi=(44)
cfn=(138)
calls=1 40 
* 95
+1 8
411 4
cfi=(52)
cfn=(216)
calls=1 36 
* 103
* 1
+8 5
+1 8
+3 3
+1 1
-1 3
fi=(68)
194 1
+1 5
fe=(67)
431 1
+1 2

fn=(222)
357 10
+1 10
+32 10
-33 10
+1 22
+2 50
+2 50
-2 100
+20 98
+2 98
-12 40
+2 40
+14 40
+1 40
-29 80
+32 3
-28 2
+6 1
+2 1
-2 1
+1 1
-1 1
+1 1
-1 1
+2 3
+2 1
-3 1
+3 3
+2 2
+9 27

fn=(484)
525 1
+1 4
-1 1
+3 1
-3 1
+3 1
cfi=(140)
cfn=(486)
calls=1 117 
* 6
+7 1
-6 1
+4 1
+2 1

ob=(3)
fl=(153)
fn=(540) 0x000000000486f7b0
0 2
cob=(1)
cfi=(48)
cfn=(542)
calls=1 118 
0 5

fn=(556) 0x00000000001091b0
0 8
cob=(2)
cfi=(169) ./posix/./posix/getopt.c
cfn=(558) getopt
calls=4 736 
0 1088

fn=(570) 0x000000000486f600
0 6
cob=(2)
cfi=(172) ./string/../sysdeps/x86_64/multiarch/strcmp-avx2.S
cfn=(572) __strncmp_avx2
calls=3 206 
0 93

fn=(592) 0x00000000001091f0
0 100
cob=(2)
cfi=(178) ./stdlib/./stdlib/drand48.c
cfn=(594) drand48
calls=50 23 
0 3453

fn=(476) 0x000000000486f720
0 40
cob=(1)
cfi=(11)
cfn=(28)
calls=20 387 
0 469

fn=(514) 0x000000000486f660
0 2
cob=(2)
cfi=(159) ./string/../sysdeps/x86_64/multiarch/strrchr-avx2.S
cfn=(516) __strrchr_avx2
calls=1 53 
0 22

fn=(578) 0x00000000001091c0
0 4
cob=(2)
cfi=(174) ./stdlib/./stdlib/atoi.c
cfn=(580) atoi
calls=2 26 
0 228

fn=(634) 0x000000000486f6b0
0 194
cob=(2)
cfi=(190) ./string/../sysdeps/x86_64/multiarch/memmove-vec-unaligned-erms.S
cfn=(636) __memcpy_avx_unaligned_erms
calls=97 255 
0 1397

fn=(652) 0x000000000486f3f0
0 2
cob=(2)
cfi=(195) ./malloc/./malloc/malloc.c
cfn=(654) malloc
calls=1 3294 
0 1810

fn=(688) 0x000000000486f430
0 70
cob=(2)
cfi=(190)
cfn=(690) __mempcpy_avx_unaligned_erms
calls=35 242 
0 525

fn=(692) 0x0000000000109120
0 12
cob=(2)
cfi=(204) ./libio/./libio/putchar.c
cfn=(694) putchar
calls=6 25 
0 1302

fn=(786) 0x000000000483d030
0 2
cob=(2)
cfi=(226) ./stdlib/./stdlib/cxa_finalize.c
cfn=(762) __cxa_finalize
calls=1 30 
0 78

fn=(566) 0x000000000486f500
0 54
cob=(2)
cfi=(171) ./string/../sysdeps/x86_64/multiarch/strlen-avx2.S
cfn=(568) __strlen_avx2
calls=27 52 
0 378

fn=(500)
0 7

fn=(604) 0x0000000000109170
0 72
cob=(2)
cfi=(181) ./stdio-common/./stdio-common/printf.c
cfn=(606) printf
calls=36 28 
0 55506

fn=(776)
0 4

fn=(760) 0x0000000000109110
0 2
cob=(2)
cfi=(226)
cfn=(762)
calls=1 30 
0 78

fn=(630) 0x000000000486f740
0 72
cob=(2)
cfi=(189) ./string/../sysdeps/x86_64/multiarch/memset-vec-unaligned-erms.S
cfn=(632) __memset_avx2_unaligned_erms
calls=36 158 
0 571

fn=(530) 0x0000000000109000
0 7

fn=(574) 0x000000000486f680
0 6
cob=(2)
cfi=(173) ./string/../sysdeps/x86_64/multiarch/strchr-avx2.S
cfn=(576) __strchr_avx2
calls=3 53 
0 63

fn=(616) 0x000000000486f590
0 144
cob=(2)
cfi=(173)
cfn=(618) __strchrnul_avx2
calls=72 53 
0 1368

fn=(796)
0 4

ob=(5)
fl=(161)
fn=(522)
0 12
cob=(2)
cfi=(162) ./csu/../csu/libc-start.c
cfn=(524) __libc_start_main@@GLIBC_2.34
calls=1 242 
0 68257

fn=(754)
0 9
cob=(3)
cfi=(153)
cfn=(760)
calls=1 0 
0 80
0 1
cfn=(770) 0x0000000000001230
calls=1 0 
0 5
0 3

fn=(770)
0 5

fn=(534) 0x00000000000012e0
0 12

fl=(168) /home/filipe/ufmg/algoritimos-estruturas-de-dados/ufmg_dcc205_ap_05/src/matop.c
fn=(554) parse_args
49 6
+9 1
+1 1
+1 1
+1 1
+4 1
+1 36
+6 3
+1 1
+1 1
+11 3
cob=(3)
cfi=(153)
cfn=(578)
calls=1 -85 
* 116
* 1
+1 1
+2 3
cob=(3)
cfi=(153)
cfn=(578)
calls=1 -88 
* 116
* 1
+1 1
-24 24
cob=(3)
cfi=(153)
cfn=(556)
calls=4 -65 
* 1096
* 12
+33 3
+1 3
+1 3
+1 3
+3 3

fn=(552) main
111 9
+6 5
cfn=(554)
calls=1 -68 
* 1441
+3 11
+4 6
cfi=(177) /home/filipe/ufmg/algoritimos-estruturas-de-dados/ufmg_dcc205_ap_05/src/mat.c
cfn=(586) criaMatriz
calls=1 -99 
* 28
+1 3
cfi=(177)
cfn=(588) inicializaMatrizAleatoria
calls=1 -68 
* 2698
+1 6
cfi=(177)
cfn=(586)
calls=1 25 
* 28
+1 3
cfi=(177)
cfn=(588)
calls=1 -70 
* 2695
+1 6
cfi=(177)
cfn=(586)
calls=1 25 
* 28
+1 3
cfi=(177)
cfn=(590) inicializaMatrizNula
calls=1 -86 
* 397
+1 6
cfi=(177)
cfn=(600) somaMatrizes
calls=1 +50 
* 1421
+1 3
cfi=(177)
cfn=(602) imprimeMatriz
calls=1 -42 
* 57579
+1 3
cfi=(177)
cfn=(738) destroiMatriz
calls=1 245 
* 26
+1 3
cfi=(177)
cfn=(738)
calls=1 245 
* 26
+1 3
cfi=(177)
cfn=(738)
calls=1 245 
* 26
+1 1
+41 1
+1 5

fl=(177)
fn=(586)
25 32
+2 8
+1 8
+1 8
+1 8
+3 12
+1 12
+2 12
+1 12

fn=(600)
180 7
+3 6
+1 6
+3 9
cfn=(586)
calls=1 25 
* 28
+1 3
cfn=(590)
calls=1 43 
* 397
+3 2
+1 10
+1 775
-1 145
-1 29
+5 4

fn=(602)
89 5
+4 4
+1 4
+3 6
cob=(3)
cfi=(153)
cfn=(604)
calls=1 -97 
* 3181
+1 2
+1 30
cob=(3)
cfi=(153)
cfn=(604)
calls=5 -99 
* 4013
-1 29
+2 2
cob=(3)
cfi=(153)
cfn=(692)
calls=1 0 
* 219
+3 2
+1 30
cob=(3)
cfi=(153)
cfn=(604)
calls=5 0 
* 4013
+1 10
+1 375
cob=(3)
cfi=(153)
cfn=(604)
calls=25 0 
* 44371
-1 145
+3 10
cob=(3)
cfi=(153)
cfn=(692)
calls=5 0 
* 1095
-5 29
+7 4

fn=(738)
245 15
+2 24
+3 30
+1 9

fn=(588)
57 10
+3 6
cfn=(590)
calls=2 -17 
* 794
+2 4
+1 20
+1 50
cob=(3)
cfi=(153)
cfn=(592)
calls=50 -64 
* 3553
* 600
-1 290
-1 58
+5 8

fn=(590)
43 16
+3 8
+1 40

ob=(4)
fl=(156)
fn=(790) 0x0000000000001060
0 5

fn=(780)
0 9
cob=(3)
cfi=(153)
cfn=(786)
calls=1 0 
0 80
0 1
cfn=(790)
calls=1 0 
0 5
0 3

fn=(504)
0 10

ob=(5)
fl=(177)
fn=(590)
48 1100
-1 340
-1 68
+5 16

ob=(4)
fl=(156)
fn=(504)
0 2

ob=(2)
fl=(132)
fn=(410)
33 1
fi=(118) ./string/../sysdeps/x86_64/multiarch/ifunc-strcpy.h
+5 2
+1 1
-1 2
+1 2
+3 2
+4 3
+3 3
fe=(132)
-16 1

fl=(183) ./stdio-common/./stdio-common/printf_buffer_to_file.c
fn=(610) __printf_buffer_to_file_init
108 36
+1 36
fi=(187) ./stdio-common/../include/printf_buffer.h
+18 36
fe=(183)
-18 36
fi=(187)
+28 36
-9 36
+9 36
-13 36
fe=(183)
-13 36
fi=(187)
+13 36
fe=(183)
-12 36
cfn=(612) __printf_buffer_to_file_switch
calls=36 -83 
* 468

fn=(612)
29 72
+1 360
+10 72
+1 72
+3 288
+1 72

fn=(638) __printf_buffer_to_file_done
117 36
+1 108
-1 36
-64 36
+64 216
-66 144
+2 108
+69 36
-1 36
+1 144
-1 36
cfi=(202) ./stdio-common/./stdio-common/Xprintf_buffer_done.c
cfn=(684) __printf_buffer_done
calls=36 -96 
* 684
-56 72
cfn=(612)
calls=36 -36 
* 468
+1 36
-8 36
+1 36
fi=(238) ./stdio-common/../libio/libioP.h
1025 36
fe=(183)
58 36
+1 36
-1 36
fi=(238)
1025 72
+1 72
fe=(183)
59 72
cfi=(191) ./libio/./libio/fileops.c
cfn=(640) _IO_file_xsputn@@GLIBC_2.2.5
calls=36 1198 
* 6579
* 72

fl=(92)
fn=(304)
29 1
fi=(93) ./debug/../sysdeps/x86_64/multiarch/ifunc-memmove.h
+28 3
-1 2
+4 3
+14 2
+3 2
+8 2
+8 2
+3 5
fe=(92)

fl=(123)
fn=(378)
31 2
fi=(124) ./wcsmbs/../sysdeps/x86_64/multiarch/ifunc-wmemset.h
+5 10
+1 6
fe=(123)
-6 2

fl=(203) ./stdio-common/./stdio-common/_itoa.c
fn=(686) _itoa_word
169 10
+3 40
+2 20
+9 160
+9 20

fl=(120)
fn=(370)
31 1
fi=(84) ./string/../sysdeps/x86_64/multiarch/ifunc-avx2.h
+9 3
-2 4
fe=(120)
-7 2
fi=(84)
+10 2
+1 3
+3 2
+4 3
+3 5
fe=(120)

fl=(164) ./csu/../sysdeps/nptl/libc_start_call_main.h
fn=(544) (below main)
29 4
+15 1
-15 5
+15 1
cfi=(165) ./setjmp/../sysdeps/x86_64/bsd-_setjmp.S
cfn=(546) _setjmp
calls=1 -16 
* 38
* 1
+2 2
+5 2
+1 2
+3 2
+3 6
cob=(5)
cfi=(168)
cfn=(552)
calls=1 +53 
* 66470
+16 2
cfi=(220) ./stdlib/./stdlib/exit.c
cfn=(740) exit
calls=1 +63 
* 1551

fl=(107)
fn=(340)
30 1
fi=(101) ./wcsmbs/../sysdeps/x86_64/multiarch/ifunc-avx2.h
+10 3
-2 4
fe=(107)
-8 2
fi=(101)
+11 2
+1 3
+3 2
+4 3
+3 5
fe=(107)

fl=(206) ./io/../sysdeps/unix/sysv/linux/write.c
fn=(702) write
25 6
+1 36
+1 6

fl=(133)
fn=(414)
29 1
fi=(99) ./string/../sysdeps/x86_64/multiarch/ifunc-memmove.h
+28 3
-1 2
+4 3
+14 2
+3 2
+8 2
+8 2
+3 5
fe=(133)

fl=(178)
fn=(594)
23 100
+3 100
-3 250
+3 100
cfi=(179) ./stdlib/./stdlib/erand48_r.c
cfn=(596) erand48_r
calls=50 * 
* 2603
+2 50
+1 250

fl=(163) ./stdlib/./stdlib/cxa_atexit.c
fn=(526) __cxa_atexit
67 7
-26 2
+2 8
+1 2
cfn=(528) __new_exitfn
calls=1 +36 
* 33
+2 2
+8 1
-2 1
+3 1
+1 1
-4 2
+1 1
+4 4
+1 1
+11 6

fn=(528)
80 1
+6 2
-6 4
+11 2
-10 1
+10 4
+2 4
-2 1
+10 1
-10 3
+45 1
+5 3
-4 1
+4 2
-18 1
-1 1
+12 1

fl=(86)
fn=(290)
79 1
-31 2
+1 1
-2 4
+2 2
+3 2
+4 3
+3 3
+20 1

fl=(196) ./malloc/./malloc/arena.c
fn=(658) ptmalloc_init.part.0
262 1
fi=(197) ./malloc/../sysdeps/unix/sysv/linux/not-cancel.h
97 3
fe=(196)
262 7
+5 1
fi=(197)
97 3
fi=(195)
3143 2
fe=(196)
292 2
+4 3
fi=(195)
1946 4
+3 1
-3 1
+3 2
-3 2
+3 126
-3 126
+3 252
-3 252
+11 1
fe=(196)
300 3
fi=(195)
1958 1
+2 1
fe=(196)
300 1
cob=(3)
cfi=(153)
cfn=(476)
calls=1 0 
* 25
+1 4
cob=(3)
cfi=(153)
cfn=(476)
calls=1 0 
* 26
+1 4
cob=(3)
cfi=(153)
cfn=(476)
calls=1 0 
* 25
+1 4
cob=(3)
cfi=(153)
cfn=(476)
calls=1 0 
* 25
+1 4
cob=(3)
cfi=(153)
cfn=(476)
calls=1 0 
* 26
+1 4
cob=(3)
cfi=(153)
cfn=(476)
calls=1 0 
* 25
+1 4
cob=(3)
cfi=(153)
cfn=(476)
calls=1 0 
* 25
+2 4
cob=(3)
cfi=(153)
cfn=(476)
calls=1 0 
* 25
+1 4
cob=(3)
cfi=(153)
cfn=(476)
calls=1 0 
* 25
+1 4
cob=(3)
cfi=(153)
cfn=(476)
calls=1 0 
* 25
+3 4
cob=(3)
cfi=(153)
cfn=(476)
calls=1 0 
* 25
+1 4
cob=(3)
cfi=(153)
cfn=(476)
calls=1 0 
* 25
+2 2
+10 8

fl=(211) ./nptl/./nptl/alloca_cutoff.c
fn=(716) __libc_alloca_cutoff
27 25
+1 225
+7 25

fl=(220)
fn=(740)
137 2
+1 3
-1 1
+1 1
cfn=(742) __run_exit_handlers
calls=1 38 
* 1544

fn=(742)
38 12
+2 2
+3 5
+11 2
+2 2
+38 2
-30 6
+2 1
+1 1
-1 1
+3 7
+44 3
+13 1
-66 1
+66 3
+2 2
+3 2
cfi=(230) ./posix/../sysdeps/unix/sysv/linux/_exit.c
cfn=(814) _Exit
calls=1 27 
* 4
-29 1
+1 1
-2 1
+3 1
+3 1
-3 2
+3 3
+1 3
cob=(1)
cfi=(222)
cfn=(746)
calls=1 -82 
* 981
+1 4
+10 3
+1 2
-79 1
cfi=(221) ./stdlib/./stdlib/cxa_thread_atexit_impl.c
cfn=(744) __call_tls_dtors
calls=1 148 
* 13
* 1
+88 1
cfi=(192) ./libio/./libio/genops.c
cfn=(798) _IO_cleanup
calls=1 842 
* 467
* 1

fl=(193) ./libio/./libio/filedoalloc.c
fn=(646) _IO_file_doallocate
78 11
+6 4
fi=(205) ./libio/./libio/libioP.h
1025 3
+1 2
fe=(193)
84 3
cfi=(191)
cfn=(648) _IO_file_stat
calls=1 1147 
* 9
* 2
+2 4
+11 4
+4 2
cob=(3)
cfi=(153)
cfn=(652)
calls=1 0 
* 1812
* 1
+1 2
+2 4
cfi=(192)
cfn=(678) _IO_setb
calls=1 329 
* 29
+1 1
+1 9
-15 1
fi=(239) ./libio/../include/sys/sysmacros.h
-44 6
fe=(193)
+44 1
-2 2
+5 2

fl=(94)
fn=(308)
29 1
fi=(93)
+28 3
-1 2
+4 3
+14 2
+3 2
+8 2
+8 2
+3 5
fe=(94)

fl=(165)
fn=(546)
28 1
+2 1
+2 1
cfi=(166) ./setjmp/../sysdeps/x86_64/setjmp.S
cfn=(548) __sigsetjmp
calls=1 -1 
* 35

fl=(218) ./stdlib/../sysdeps/x86_64/rshift.S
fn=(734) __mpn_rshift
28 22
+1 22
+1 22
+1 22
+13 22
+1 22
+16 22
+1 22
+1 22
+1 22
+1 22
+1 22
+1 22
+5 22
+1 22
+1 22
+1 22
+1 22

fl=(100)
fn=(390)
31 1
fi=(97) ./wcsmbs/../sysdeps/x86_64/multiarch/ifunc-wcs.h
+9 3
-1 4
+2 3
+3 2
+4 4
fe=(100)
-17 1

fn=(324)
31 2
fi=(101)
+9 6
-2 8
fi=(102) ./wcsmbs/../sysdeps/x86_64/multiarch/wcschr.c
-7 4
fi=(101)
+10 4
+1 6
+3 4
+4 6
+3 10
fe=(100)

fl=(108)
fn=(344)
31 1
fi=(109) ./string/../sysdeps/x86_64/multiarch/ifunc-strncpy.h
+4 5
+1 3
+3 2
+4 3
+3 4
fe=(108)
-15 1

fl=(125)
fn=(382)
29 2
fi=(118)
+9 4
+1 2
-1 4
+1 4
+3 4
+4 6
+3 6
fe=(125)
-20 2

fl=(221)
fn=(744)
148 4
+1 1
-1 1
+1 3
+16 4

fl=(116)
fn=(360)
60 1
-17 2
-1 4
+2 3
+2 2
+4 3
+10 1

fl=(136)
fn=(422)
29 1
fi=(240) ./string/../sysdeps/x86_64/multiarch/ifunc-sse4_2.h
+7 5
fe=(136)
-7 1

fl=(170) ./stdlib/./stdlib/getenv.c
fn=(564) getenv
24 9
+1 8
+3 1
cob=(3)
cfi=(153)
cfn=(566)
calls=1 -28 
* 16
+1 1
-1 1
+1 158
+2 78
+1 12
cob=(3)
cfi=(153)
cfn=(570)
calls=3 -32 
* 99
* 6
+5 9

fl=(227) ./posix/./posix/register-atfork.c
fn=(764) __unregister_atfork
82 4
+1 4
-1 8
+1 4
fi=(228) ./posix/../malloc/dynarray-skeleton.c
243 2
fe=(227)
71 4
+38 8
+1 6

fl=(110)
fn=(348)
31 2
fi=(111) ./wcsmbs/../sysdeps/x86_64/multiarch/ifunc-evex.h
+7 6
-1 8
+2 6
+6 4
-3 4
+9 6
+3 8
fe=(110)
-23 2

fl=(152) ./nptl/./nptl/pthread_mutex_conf.c
fn=(474) __pthread_tunables_init
55 2
+1 2
-1 2
+1 2
-1 4
+1 1
cob=(3)
cfi=(153)
cfn=(476)
calls=1 -56 
* 26
+2 4
cob=(3)
cfi=(153)
cfn=(476)
calls=1 -58 
* 25
+2 4
cob=(3)
cfi=(153)
cfn=(476)
calls=1 -60 
* 26
+2 6

fl=(173)
fn=(576)
53 3
+2 3
+1 3
+1 3
+1 3
+1 3
+3 3
+1 3
+4 3
+1 3
+1 3
+1 3
+1 3
+1 3
+1 3
+1 3
+3 3
+8 3
+2 3
+2 6

fn=(618)
53 72
+2 72
+1 72
+1 72
+1 72
+1 72
+3 72
+1 72
+4 72
+1 72
+1 72
+1 72
+1 72
+1 72
+1 72
+1 72
+13 72
+2 144

fl=(95)
fn=(312)
29 1
fi=(84)
+11 3
-2 4
fe=(95)
-9 2
fi=(84)
+12 2
+1 3
+3 2
+4 3
+3 5
fe=(95)

fl=(190)
fn=(690)
242 35
+1 35
+1 35
+1 35
+17 35
+1 35
+42 35
+1 35
+2 35
+1 35
+55 35
+1 35
+1 35
+1 35
+1 35

fn=(636)
255 97
+1 97
+6 97
+1 97
+42 97
+1 97
+2 71
+1 71
+2 71
+4 71
+1 46
+1 46
+1 46
+1 46
+4 46
+2 46
+6 25
+1 25
+1 25
+1 25
+1 25
+7 26
+1 26
+1 26
+1 26
+2 26

fl=(127)
fn=(394)
29 1
fi=(84)
+11 3
-2 4
fe=(127)
-9 2
fi=(84)
+12 2
+1 3
+3 2
+4 3
+3 5
fe=(127)

fl=(149) ./ctype/./ctype/ctype-info.c
fn=(468) __ctype_init
29 1
+2 7
+2 4
+2 4
+1 1

fl=(189)
fn=(632)
158 36
+1 72
+5 36
+1 36
337 36
+9 36
+1 36
+5 36
+1 36
+1 35
+1 35
+1 11
+1 11
+32 1
+1 1
+5 1
+8 24
+1 24
+5 24
+7 11
+1 11
+1 11
+5 11

fl=(192)
fn=(678)
329 11
+1 4
+5 2
-3 1
+3 2
-2 1
+2 2
+3 6

fn=(696) __overflow
199 30
+2 18
+2 6
fi=(205)
1025 18
+1 12
fe=(192)
203 6
+1 12
-1 6
cfi=(191)
cfn=(642) _IO_file_overflow@@GLIBC_2.2.5
calls=6 732 
* 906

fn=(800) _IO_flush_all
686 5
+5 1
-5 1
+5 1
-5 6
+5 4
cfi=(229) ./nptl/./nptl/libc-cleanup.c
cfn=(802) __libc_cleanup_push_defer
calls=1 24 
* 13
+1 6
-5 1
fi=(205)
1025 2
fe=(192)
708 33
+1 3
-14 9
+2 3
+1 27
+2 21
+13 7
+1 2
cfi=(229)
cfn=(804) __libc_cleanup_pop_restore
calls=1 54 
* 9
+4 12
-20 9
-6 2
-5 2
+8 1
-3 1
+3 2

fn=(810) _IO_default_setbuf
452 8
fi=(205)
1025 1
fe=(192)
452 1
+1 1
-1 1
fi=(205)
1025 2
+1 2
fe=(192)
453 2
cfi=(191)
cfn=(812) _IO_file_sync@@GLIBC_2.2.5
calls=1 793 
* 21
* 2
+4 1
330 1
462 1
-7 2
332 1
466 1
337 1
-4 1
+4 1
467 1
-1 3
+2 6
-11 1
+1 2
-1 1
330 4

fn=(798)
842 6
-66 1
+66 6
+1 1
cfn=(800)
calls=1 686 
* 183
-67 2
+67 1
-67 3
cfi=(229)
cfn=(802)
calls=1 24 
* 13
+1 6
fi=(205)
1025 1
fe=(192)
785 1
-1 1
+1 4
-1 2
+1 25
+9 6
+2 4
+4 1
-2 1
+3 1
-3 1
+2 2
+5 1
fi=(205)
1025 2
+1 2
fe=(192)
805 4
cfi=(191)
cfn=(808) _IO_file_setbuf@@GLIBC_2.2.5
calls=1 382 
* 87
+2 3
+9 1
-2 1
+2 2
-2 1
+2 2
+1 3
-37 9
+41 7
+1 2
cfi=(229)
cfn=(804)
calls=1 54 
* 9
+33 12
-78 2
+39 24
-2 1
+2 1
-31 6
+7 7
-15 1
+3 2
-3 1
+3 2

fn=(644) _IO_doallocbuf
343 1
+1 2
-1 7
+3 3
+1 1
fi=(205)
1025 3
+1 2
fe=(192)
347 2
cfi=(193)
cfn=(646)
calls=1 78 
* 1914
* 2
+3 6

fn=(682) _IO_default_xsputn
371 11
+3 4
fi=(205)
1025 1
fe=(192)
373 2
+26 29
fi=(205)
1025 18
+1 18
fe=(192)
399 36
cfi=(191)
cfn=(642)
calls=9 732 
* 351
* 18
+2 9
-2 9
-20 40
-4 1
+29 8

fl=(159)
fn=(516)
53 1
+1 1
+1 1
+2 1
+1 1
+4 1
+1 1
+1 1
+3 1
+2 1
+1 1
+1 1
+1 1
+3 1
+1 1
+2 1
+1 1
+1 1
+1 1
+1 1
+9 2

fl=(175) ./stdlib/../stdlib/strtol.c
fn=(582) __isoc23_strtol
125 2
+1 10
cfi=(176) ./stdlib/../stdlib/strtol_l.c
cfn=(584) ____strtol_l_internal
calls=2 238 
* 200

fl=(182) ./stdio-common/./stdio-common/vfprintf-internal.c
fn=(614) __printf_buffer
600 432
fi=(185) ./stdio-common/./stdio-common/printf-parse.h
82 36
fe=(182)
600 72
fi=(185)
82 36
fe=(182)
600 36
+27 108
+11 36
-11 36
+11 36
-11 36
+11 72
fi=(185)
82 36
cob=(3)
cfi=(153)
cfn=(616)
calls=36 -82 
* 756
fe=(182)
653 72
+1 36
fi=(185)
82 72
fe=(182)
654 36
-1 36
cfi=(184) ./stdio-common/./stdio-common/Xprintf_buffer_write.c
cfn=(620) __printf_buffer_write
calls=36 27 
* 684
+2 108
+4 72
+4 288
-32 36
973 36
642 36
973 72
634 36
+71 144
1044 396
705 72
-13 36
+7 36
+6 72
-14 36
-4 36
+18 36
-10 36
+10 36
-7 36
-4 36
+11 72
-19 36
-1 36
+20 36
-12 36
-9 36
-1 36
+22 36
-15 72
891 50
+82 50
+3 850
+20 275
+1 25
263 25
+1 25
997 25
744 25
264 50
744 25
263 50
1024 36
fi=(185)
82 36
fe=(182)
1018 36
fi=(185)
82 72
cob=(3)
cfi=(153)
cfn=(616)
calls=36 -82 
* 756
fe=(182)
1028 72
+1 36
fi=(185)
82 36
fe=(182)
1029 36
-1 36
cfi=(184)
cfn=(620)
calls=36 27 
* 1979
+3 72
fi=(186) ./stdio-common/./stdio-common/vfprintf-process-arg.c
501 4
cfi=(184)
cfn=(620)
calls=1 27 
* 56
+1 1
-11 1
-88 8
+19 2
-14 2
+47 3
+6 3
fi=(187)
163 2
+1 4
cfi=(188) ./stdio-common/./stdio-common/Xprintf_buffer_pad_1.c
cfn=(628) __printf_buffer_pad_1
calls=1 24 
* 50
* 1
fe=(182)
709 25
814 25
-1 25
+1 50
+26 75
+15 325
fi=(186)
422 4
+8 2
fe=(182)
726 36
fi=(185)
55 36
-2 36
+2 36
-2 36
+2 36
-2 36
+2 72
fe=(182)
800 72
+7 72
+3 432
fi=(186)
136 20
+19 130
cfi=(203)
cfn=(686)
calls=10 +14 
* 250
+11 20
-11 20
+11 40
-5 80
+25 46
+1 2
+14 4
-4 6
+4 16
-4 24
+2 30
+2 20
+7 10
-2 20
+2 30
+3 20
+13 20
fi=(187)
-61 20
fi=(186)
+70 20
+3 20
136 10
+2 20
-71 10
-18 10
-1 20
201 30
58 20
-23 10
+22 20
161 10
+9 20
+17 10
+8 10
-8 10
+12 10
-12 10
+8 40
-8 48
+53 40
cfi=(184)
cfn=(620)
calls=10 27 
* 560
* 10
fe=(182)
+26 25
cfi=(207) ./stdio-common/./stdio-common/printf_fp.c
cfn=(706) __printf_fp_l_buffer
calls=25 1099 
* 28296
1001 25
fi=(187)
163 20
+1 70
cfi=(188)
cfn=(628)
calls=10 24 
* 520
fi=(186)
+53 30
+4 20
50 20
+2 20
+1 80
435 2
cob=(3)
cfi=(153)
cfn=(566)
calls=1 0 
* 16
* 2
fi=(185)
55 25
+10 50
-10 197
fe=(182)

fn=(608) __vfprintf_internal
1522 468
+3 181
+4 180
+11 72
+27 396
-42 70
+18 144
cfi=(183)
cfn=(610)
calls=36 108 
* 864
+1 180
cfn=(614)
calls=36 600 
* 42212
+1 72
cfi=(183)
cfn=(638)
calls=36 117 
* 9279
* 36

fl=(216) ./stdlib/./stdlib/cmp.c
fn=(730) __mpn_cmp
31 15
+4 34
+2 17
+1 17
+1 34
+8 75

fl=(210) ./stdlib/../sysdeps/x86_64/lshift.S
fn=(714) __mpn_lshift
28 25
+1 25
+1 25
+2 25
+1 25
+1 25
+12 25
+1 25
+1 25
+1 25
+1 25
+1 25
+1 25
+6 25
+1 25
+1 25

fl=(87)
fn=(292)
30 1
fi=(88) ./wcsmbs/../sysdeps/x86_64/multiarch/ifunc-wcslen.h
+11 2
-1 4
+2 3
+3 2
+4 3
+3 3
fe=(87)
-22 1

fl=(219) ./stdlib/./stdlib/divrem.c
fn=(736) __mpn_divrem
46 770
+3 110
234 495
62 55
+1 55
-16 55
+18 110
+7 267
+1 34
-1 68
+1 68
-1 68
+4 110
+3 55
+2 55
-13 17
-1 17
+1 17

fl=(98)
fn=(320)
29 1
fi=(99)
+28 3
-1 2
+4 3
+14 2
+3 2
+8 2
+8 2
+3 5
fe=(98)

fl=(117)
fn=(362)
29 1
fi=(118)
+9 2
+1 1
-1 2
+1 2
+3 2
+4 3
+3 3
fe=(117)
-20 1

fl=(169)
fn=(560) _getopt_internal
706 20
+4 4
-1 8
+3 4
-3 4
+3 12
-3 8
+3 4
cfn=(562) _getopt_internal_r
calls=4 474 
* 936
+4 4
+1 4
-1 4
+1 4
+4 4
-4 4
+1 12
+3 8

fn=(562)
474 48
+1 4
+2 8
+5 4
-2 16
+2 20
-91 1
+1 1
-1 2
+4 3
+5 2
+5 4
+5 1
+77 1
+1 3
+5 2
-5 9
+5 8
611 3
+1 3
-1 12
+1 12
cob=(3)
cfi=(153)
cfn=(574)
calls=3 0 
* 69
+3 18
+1 3
+2 15
+9 9
+27 6
+46 36
484 3
+9 3
-9 9
+15 12
+2 12
+3 12
+24 26
+29 6
-8 4
-71 2
+31 12
+9 32
+2 8
+37 9
+10 6
+38 6
405 4
cfi=(170)
cfn=(564)
calls=1 24 
* 398
* 4
656 2
-26 2
+26 2
-24 2
+39 4
+7 4
+16 8
+1 2
+3 2
512 8
+1 6
408 1
+85 2

fn=(558)
736 36
cfn=(560)
calls=4 -30 
* 1044
* 8

fl=(207)
fn=(720) hack_digit
88 244
+3 61
-3 61
+3 122
+2 61
+2 122
-2 122
+8 66
+21 99
cfi=(213) ./stdlib/../sysdeps/x86_64/mul_1.S
cfn=(722) __mpn_mul_1
calls=33 -91 
* 693
+1 66
+1 130
+4 165
-23 198
cfi=(219)
cfn=(736)
calls=33 -59 
* 1430
+2 33
-2 33
+2 99
+3 33
-2 33
+2 33
+1 198
+11 33
-4 66
-23 28
+1 84
-1 28
+1 28
cfi=(213)
cfn=(722)
calls=28 -65 
* 588
+31 28
-31 28
+32 140

fn=(710) __printf_fp_buffer_1.isra.0
138 450
+21 25
+18 25
+10 25
-28 175
+62 50
1030 275
226 75
+4 175
+36 25
+5 25
-49 25
+44 100
+1 25
+1 50
+3 325
+1 25
-1 25
+1 75
-1 25
+1 50
-1 25
+1 200
+1 25
-1 50
+1 325
+6 25
-6 50
+7 50
+17 15
+4 60
-4 30
+16 30
+11 15
-41 15
+10 15
+31 15
-30 105
+33 45
+41 15
+1 15
-1 15
+1 45
fi=(217) ./stdio-common/../string/bits/string_fortified.h
29 15
cob=(3)
cfi=(153)
cfn=(634)
calls=15 -29 
* 195
fe=(207)
385 60
+18 4
-9 4
+2 8
-2 180
+2 360
-74 360
-4 180
+4 735
-4 15
+4 60
+15 15
-13 30
fi=(217)
29 22
fe=(207)
388 22
fi=(217)
29 11
cob=(3)
cfi=(153)
cfn=(634)
calls=11 -29 
* 143
fe=(207)
389 33
+1 33
+1 11
+3 11
-4 11
-1 11
+1 11
+1 33
+5 22
+1 30
+6 30
+4 11
+4 11
-4 11
+4 33
-4 110
+6 22
665 25
+9 25
-9 25
+9 25
+6 25
-15 25
+9 50
+6 25
-6 50
+2 50
+10 50
+52 50
+8 50
fi=(212) ./stdio-common/../sysdeps/pthread/allocalim.h
27 25
fe=(207)
746 25
fi=(212)
27 25
cfi=(211)
cfn=(716)
calls=25 * 
* 275
+2 50
fe=(207)
759 350
fi=(212)
29 25
fe=(207)
759 75
+4 25
-3 50
+3 50
+3 75
+7 150
+2 50
-4 25
+4 25
+14 50
-2 25
+1 125
+1 25
+1 50
-1 50
+1 150
91 50
792 50
+2 50
91 100
+2 50
+2 100
-2 100
+8 44
+4 132
cfi=(219)
cfn=(736)
calls=22 -59 
* 996
+2 22
+4 22
-6 22
+2 66
+1 22
+2 44
+1 88
+7 22
+4 66
cfi=(213)
cfn=(722)
calls=22 -91 
* 462
+1 44
+1 80
793 16
+1 32
-1 34
+1 68
+1 100
230 150
cfi=(209) ./stdlib/../sysdeps/ieee754/dbl-64/dbl2mpn.c
cfn=(712) __mpn_extract_double
calls=25 33 
* 550
* 100
+4 25
796 9
95 28
+1 84
-1 56
+1 28
cfi=(213)
cfn=(722)
calls=28 -65 
* 588
* 28
+31 84
805 125
+1 75
cfn=(720)
calls=25 88 
* 1955
+2 50
-2 25
+2 125
+2 9
+3 6
+5 4
-8 4
+8 4
-9 3
fi=(214) ./stdio-common/../sysdeps/generic/get-rounding-mode.h
94 3
+1 12
-1 22
+1 163
fi=(215) ./stdio-common/../include/rounding-mode.h
-37 12
fe=(207)
935 16
-11 48
+7 32
+4 50
+45 125
+3 50
+8 50
-4 25
+4 25
+5 50
-9 100
+9 100
fi=(187)
163 75
+1 100
cfi=(188)
cfn=(628)
calls=25 24 
* 1333
fe=(207)
999 125
+2 75
+5 50
fi=(187)
163 75
fe=(207)
1009 75
+13 100
cfi=(184)
cfn=(620)
calls=25 27 
* 1375
+2 75
+4 75
483 20
655 30
+4 20
cfi=(210)
cfn=(714)
calls=10 28 
* 160
* 10
+1 50
+1 20
385 45
cfi=(216)
cfn=(730)
calls=15 31 
* 192
* 30
+3 22
fi=(215)
52 68
fe=(207)
835 9
-5 18
+5 42
+2 1
-2 5
+3 2
+2 27
+2 18
+2 18
+80 27
-69 18
+80 9
-11 27
766 75
-78 50
+1 50
+3 75
+2 25
+2 50
+42 50
994 100
+2 50
308 15
-2 15
+2 15
-3 15
+3 60
-3 30
cfi=(210)
cfn=(714)
calls=15 28 
* 240
+4 30
-4 15
+4 105
+1 30
+1 125
766 75
+3 50
cfn=(720)
calls=25 88 
* 1904
* 22
cfn=(720)
calls=11 88 
* 1294
* 36
-3 133
1003 50
439 22
+3 88
+16 33
+2 11
-2 11
cfi=(218)
cfn=(734)
calls=11 28 
* 198
+3 22
-1 11
+1 11
-1 11
+1 33
cfi=(218)
cfn=(734)
calls=11 28 
* 198
+2 86
+14 22
694 200
834 16

fn=(706)
1099 300
+3 25
-3 175
+3 50
+13 50
+2 25
-2 25
cob=(3)
cfi=(153)
cfn=(566)
calls=25 0 
* 400
* 50
+1 125
+31 275
-30 50
fi=(208) ./stdio-common/../include/../locale/localeinfo.h
331 50
fe=(207)
1111 25
fi=(208)
331 25
fe=(207)
1112 50
+10 175
cfn=(710)
calls=25 138 
* 26396
+4 25

fl=(194) ./io/../sysdeps/unix/sysv/linux/fstat64.c
fn=(650) fstat
30 1
+9 4
+33 1

fl=(96)
fn=(316)
31 1
fi=(97)
+9 3
-1 4
+2 3
+3 2
+4 4
fe=(96)
-17 1

fl=(139)
fn=(432)
31 1
fi=(114) ./string/../sysdeps/x86_64/multiarch/ifunc-strcasecmp.h
+6 2
-1 4
fe=(139)
-5 2
fi=(114)
+7 3
+3 2
+4 3
+3 4
fe=(139)

fl=(230)
fn=(814)
27 2
+3 2

fl=(167) ./setjmp/./setjmp/sigjmp.c
fn=(550) __sigjmp_save
28 6
+2 2
-1 1
+5 4

fl=(154) ./nptl/../sysdeps/unix/sysv/linux/x86/elision-conf.c
fn=(478) __lll_elision_init
92 2
+4 1
-4 2
+4 2
-4 1
+4 1
-4 3
+4 1
cob=(3)
cfi=(153)
cfn=(476)
calls=1 -96 
* 26
+2 4
cob=(3)
cfi=(153)
cfn=(476)
calls=1 -98 
* 26
+2 4
cob=(3)
cfi=(153)
cfn=(476)
calls=1 0 
* 26
+2 4
cob=(3)
cfi=(153)
cfn=(476)
calls=1 0 
* 26
+2 4
cob=(3)
cfi=(153)
cfn=(476)
calls=1 0 
* 26
+3 3
+1 1
+1 6

fl=(204)
fn=(694)
25 54
+2 24
-2 6
+3 24
fi=(205)
979 12
+1 48
fe=(204)
31 42
-4 30
+1 12
cfi=(192)
cfn=(696)
calls=6 199 
* 1014
* 6
-1 30

fl=(128)
fn=(398)
29 1
fi=(109)
+6 5
+1 3
+3 2
+4 3
+3 4
fe=(128)
-17 1

fl=(150) ./resource/../sysdeps/unix/sysv/linux/getrlimit64.c
fn=(470) getrlimit
38 2
+1 7
+1 1

fl=(199) ./misc/./misc/sbrk.c
fn=(670) sbrk
37 16
+3 2
+3 2
-3 2
+3 2
+35 7
-20 4
+4 4
+4 4
+8 1
cfi=(200) ./misc/../sysdeps/unix/sysv/linux/brk.c
cfn=(672) brk
calls=1 -38 
* 9
* 2
+4 7
-19 2
cfi=(200)
cfn=(672)
calls=1 -23 
* 9
* 2
+4 2

fl=(224)
fn=(750)
367 1
51 3
+1 2
367 3
57 2
+8 1
-3 1
-23 1
+1 4
+1 1
+29 1
+2 1
369 2
74 2
+6 4
+4 3
+3 2

fl=(171)
fn=(568)
52 27
+13 27
+1 27
+1 27
+3 27
+2 27
+1 27
+3 27
+1 27
+8 27
+1 27
+1 27
+5 54

fl=(115)
fn=(358)
29 1
fi=(240)
+7 5
fe=(115)
-7 1

fl=(134)
fn=(418)
29 1
fi=(135) ./string/../sysdeps/x86_64/multiarch/ifunc-evex.h
+9 3
-1 4
+2 3
+6 2
-3 2
+9 3
+3 4
fe=(134)
-25 1

fl=(148)
fn=(466)
33 9
+2 1
cfi=(149)
cfn=(468)
calls=1 -6 
* 17
+3 1
fi=(151) ./elf/../sysdeps/nptl/pthread_early_init.h
-5 2
fe=(148)
+8 1
-3 1
+3 1
fi=(151)
-8 1
cfi=(150)
cfn=(470)
calls=1 +5 
* 10
* 3
+1 1
+4 5
+7 1
fi=(241) ./elf/../nptl/nptl-stack.h
+16 3
fi=(151)
-16 1
fi=(241)
+16 2
fi=(151)
-7 1
fi=(241)
+7 3
fi=(151)
-9 1
-6 1
+2 2
+4 4
+1 1
+3 1
cfi=(152)
cfn=(474)
calls=1 -1 
* 104
fe=(148)
-9 3
+2 2
-2 1
cfi=(154)
cfn=(478)
calls=1 +45 
* 169

fl=(157)
fn=(510)
46 6
+5 2
+4 5
+8 1
-2 1
+10 1
-9 1
+1 1
+9 3
-1 1
cfi=(158) ./misc/./misc/init-misc.c
cfn=(512) __init_misc
calls=1 -41 
* 50

fl=(160)
fn=(518)
545 1
+1 4
+1 3
+1 3
+2 1

fl=(166)
fn=(548)
31 1
+2 1
+9 1
+1 2
+1 1
+4 1
+1 1
+1 1
+1 1
+1 1
+2 2
+2 1
+1 1
+1 1
+2 2
+2 1
+5 1
+1 1
+17 1
cfi=(167)
cfn=(550)
calls=1 -57 
* 13

fl=(91)
fn=(300)
29 1
fi=(88)
+12 2
-1 4
+2 3
+3 2
+4 3
+3 3
fe=(91)
-23 1

fl=(126)
fn=(386)
31 1
fi=(114)
+6 2
-1 4
fe=(126)
-5 2
fi=(114)
+7 3
+3 2
+4 3
+3 4
fe=(126)

fl=(162)
fn=(524)
242 13
+69 3
+1 3
cfi=(163)
cfn=(526)
calls=1 67 
* 72
+25 6
+6 2
-3 2
+10 2
cob=(3)
cfi=(153)
cfn=(540)
calls=1 0 
* 7
+2 2
+8 4
cfi=(164)
cfn=(544)
calls=1 29 
* 68087
128 2
+6 3
+1 6
cob=(3)
cfi=(153)
cfn=(530)
calls=1 0 
* 7
* 1
+3 1
+1 2
+3 2
+1 2
-1 1
+2 7
+1 4
cob=(5)
cfi=(161)
cfn=(534)
calls=1 0 
* 12
-1 4

fl=(138)
fn=(428)
33 1
fi=(99)
+24 3
-1 2
+4 3
+14 2
+3 2
+8 2
+8 2
+3 5
fe=(138)

fl=(174)
fn=(580)
26 4
+1 4
-1 2
+1 2
cfi=(175)
cfn=(582)
calls=2 +98 
* 212
+1 4

fl=(180) ./stdlib/./stdlib/drand48-iter.c
fn=(598) __drand48_iterate
30 50
+5 50
-5 50
+5 50
+13 98
-2 343
+2 98
+2 49
+2 98
+3 98
-9 7
+2 2
+2 1
+2 2
+3 2
-18 1
+1 1
-1 1
+1 2

fl=(158)
fn=(512)
30 1
+1 2
-1 4
+1 4
+2 3
cob=(3)
cfi=(153)
cfn=(514)
calls=1 -33 
* 24
+4 5
+1 3
+2 4

fl=(226)
fn=(762)
30 4
+3 4
-3 16
+3 10
+3 8
+4 14
-4 6
+57 8
+4 12
-4 6
+12 4
cfi=(227)
cfn=(764)
calls=2 -23 
* 40
+1 8
+1 16

fl=(113)
fn=(354)
31 1
fi=(114)
+6 2
-1 4
fe=(113)
-5 2
fi=(114)
+7 3
+3 2
+4 3
+3 4
fe=(113)

fl=(129)
fn=(402)
29 1
fi=(130) ./wcsmbs/../sysdeps/x86_64/multiarch/ifunc-memcmp.h
+5 5
+1 2
+1 2
+1 3
+3 2
+4 3
+3 4
fe=(129)
-18 2

fl=(137)
fn=(424)
31 1
fi=(97)
+9 3
-1 4
+2 3
+3 2
+4 4
fi=(242) ./wcsmbs/../sysdeps/x86_64/multiarch/wcpncpy.c
-17 1
fe=(137)

fl=(112)
fn=(352)
67 1
-23 2
-1 4
+24 2
-22 3
+3 2
+4 3
+3 4

fl=(213)
fn=(722)
31 111
+1 111
+3 111
+1 111
+1 111
+1 111
+1 111
+2 111
+1 111
+2 111
+1 111
+1 111
+1 111
+1 111
+2 111
+1 111
+1 111
+1 111
+69 111
+2 111
+3 111

fl=(81)
fn=(280)
86 1
fi=(82) ./string/../sysdeps/x86/cacheinfo.h
-27 1
+3 3
+2 1
+1 1
-1 2
+7 3
+2 1
+1 1
-1 2
+5 2
+2 2
+1 2
+1 2
+2 2
+2 2
fe=(81)

fl=(191)
fn=(642)
732 128
+1 64
+7 78
+37 15
-2 30
+3 30
+3 45
+1 45
+1 60
+4 15
+1 90
-45 2
+12 2
+9 3
+5 3
+2 2
-5 1
+5 1
+1 1
-5 1
+1 1
+4 2
-7 1
+10 2
+13 1
-12 1
+1 1
+11 4
-12 1
cfn=(680) _IO_do_write@@GLIBC_2.2.5
calls=1 424 
* 5
+9 12
-1 6
+1 6
-1 6
cfn=(680)
calls=6 424 
* 630
* 12
-12 2
+1 2
-28 2
cfi=(192)
cfn=(644)
calls=1 343 
* 1943
+1 1
+9 1
-9 5

fn=(700) _IO_file_write@@GLIBC_2.2.5
1174 48
+2 24
-1 12
+6 6
cfi=(206)
cfn=(702)
calls=6 25 
* 48
+1 12
+5 6
+1 6
-12 12
+4 18
+1 12
+10 18
+3 36
-4 18

fn=(640)
1198 252
+7 36
-7 72
+6 144
+9 72
-2 144
+17 3
+1 35
+5 35
+2 70
+2 35
-4 35
+2 35
+2 35
-1 35
-1 35
cob=(3)
cfi=(153)
cfn=(688)
calls=35 0 
* 595
+2 35
-2 35
+4 70
+28 324
-55 35
+4 35
-4 35
+1 70
-14 1
+44 1
fi=(205)
1025 3
+1 2
fe=(191)
1244 3
cfn=(642)
calls=1 732 
* 2006
* 2
+6 2
+1 5
+2 3
+11 2
+1 4
cfi=(192)
cfn=(682)
calls=1 371 
* 555
+2 3
-48 945
-2 735

fn=(680)
424 7
+2 21
+1 1
-3 18
fi=(205)
1025 6
fe=(191)
424 48
+20 6
-10 12
+7 24
fi=(205)
1025 12
+1 12
fe=(191)
449 24
cfn=(700)
calls=6 1174 
* 276
* 6
+1 18
+2 6
+4 12
-3 12
-1 12
+4 12
-30 12
+28 6
-28 12
+1 48
+28 12

fn=(648)
1147 1
+1 2
cfi=(194)
cfn=(650)
calls=1 30 
* 6

fn=(808)
382 6
+1 1
cfi=(192)
cfn=(810)
calls=1 +69 
* 69
* 2
+3 1
+4 2
-2 3
+3 3

fn=(812)
793 7
+5 4
+2 1
+1 2
+11 2
+4 5

fl=(85)
fn=(288)
29 1
fi=(240)
+7 5
fe=(85)
-7 1

fl=(198) ./malloc/./malloc/morecore.c
fn=(668) __glibc_morecore
25 2
+1 4
-1 4
+4 2
cfi=(199)
cfn=(670)
calls=2 +8 
* 77
+1 4
+4 4

fl=(172)
fn=(572)
206 3
+24 3
+5 3
+14 3
+25 3
+1 3
+1 3
+2 3
+1 3
+4 3
+4 3
+2 3
+2 3
+3 3
+2 3
+1 3
+11 3
+10 3
+1 3
+3 3
+4 6
+5 3
+1 3
+1 3
957 2
+1 2
+1 2
+1 2
+2 2
+3 2
+1 2
+4 1
+1 1
1076 1
+1 1

fl=(200)
fn=(672)
36 2
fi=(243) ./misc/../sysdeps/unix/sysv/linux/brk_call.h
-12 4
fe=(200)
+13 4
+1 4
+6 2
+1 2

fl=(131)
fn=(406)
29 1
fi=(93)
+28 3
-1 2
+4 3
+14 2
+3 2
+8 2
+8 2
+3 5
fe=(131)

fl=(179)
fn=(596)
26 350
+4 50
cfi=(180)
cfn=(598)
calls=50 * 
* 1003
* 100
+8 250
+1 50
-1 100
+1 50
-1 50
+1 200
+3 100
+2 50
-2 50
+3 200

fl=(229)
fn=(802)
24 2
+1 2
+2 4
+2 4
+3 4
+14 6
+2 2
+1 2

fn=(804)
54 2
+1 2
+2 4
+2 2
+1 6
+11 2

fl=(103)
fn=(330)
65 1
-22 2
+1 1
-2 4
+2 2
+3 2
+4 3
+3 3
+11 1

fl=(89)
fn=(296)
29 1
fi=(90) ./string/../sysdeps/x86_64/multiarch/ifunc-memset.h
+25 5
+3 3
+7 2
+9 2
+2 2
+10 2
+8 2
+3 5
fe=(89)

fl=(104)
fn=(332)
29 1
fi=(105) ./debug/../sysdeps/x86_64/multiarch/ifunc-memset.h
+25 5
+3 3
+7 2
+9 2
+2 2
+10 2
+8 2
+3 5
fe=(104)

fl=(223)
fn=(748)
77 1
+3 3
+2 1
+2 2
-7 4
+11 2
+91 1
+3 1
+2 1
+3 1
-63 1
+66 3
-93 2
+11 4
+4 1
+3 2
-71 1
+1 7
+1 1
+84 3
+1 2

fl=(119)
fn=(366)
31 1
fi=(114)
+6 2
-1 4
fe=(119)
-5 2
fi=(114)
+7 3
+3 2
+4 3
+3 4
fe=(119)

fl=(181)
fn=(606)
28 671
+4 25
+1 50
-1 25
+1 25
-1 50
+1 25
-1 50
+1 75
cfi=(182)
cfn=(608)
calls=25 1522 
* 43321
-5 33
+4 11
+1 22
-1 11
+1 11
-1 22
+1 11
-1 22
+1 33
cfi=(182)
cfn=(608)
calls=11 1522 
* 10833
+4 180

fl=(209)
fn=(712)
33 25
+2 25
-2 50
+4 75
+1 125
+9 50
+9 25
-9 25
+9 50
+47 25
+4 25
-4 25
+4 25

fl=(121)
fn=(374)
29 1
fi=(122) ./string/../sysdeps/x86_64/multiarch/ifunc-memcmp.h
+5 5
+1 2
+1 2
+1 3
+3 2
+4 3
+3 4
fe=(121)
-18 2

fl=(176)
fn=(584)
238 10
+54 2
-54 2
+19 2
-19 8
+14 2
-14 6
+26 4
+31 8
+9 12
+2 4
+5 4
-1 2
+6 4
+4 4
+15 4
+10 8
-87 4
395 2
+56 10
+26 2
+1 2
-84 2
-1 2
+96 4
-5 4
+5 2
+1 6
-41 4
+2 8
+2 6
+28 6
+3 4
+11 4
+5 6
+6 4
+3 2
+15 2
-15 4
-2 4
+39 16
342 4

fl=(202)
fn=(684)
25 36
+1 108
+5 72
+2 432
+7 36

fl=(195)
fn=(674) alloc_perturb
1985 6
+2 2

fn=(654)
3294 8
+7 2
1345 5
3311 2
+2 4
+13 2
+28 6
3248 4
cfn=(664) tcache_init.part.0
calls=1 -6 
* 473
+68 2
+1 4
+1 3
+10 4
cfn=(666) _int_malloc
calls=1 3846 
* 130
+1 5
fi=(196)
153 2
264 1
cfn=(658)
calls=1 -2 
* 1151
fe=(195)
1326 2

fn=(666)
3846 22
1326 4
+19 12
3887 4
1794 2
3914 4
+63 4
+62 5
+1 3
+20 2
-1 2
-1 2
+1 4
+1 4
-2 2
+12 10
-90 1
+2 1
-2 1
+2 2
4487 24
4257 6
+2 3
+3 1
-3 1
+3 2
+1 2
+71 6
-4 2
+1 2
+1 2
-1 2
+1 2
+1 4
+1 6
+5 8
+4 6
+3 8
-3 6
+3 4
-3 3
4443 2
+1 4
+2 4
+3 6
+17 4
4070 1
-91 6
2552 1
+12 1
-12 5
+12 1
4460 6
cfn=(674)
calls=2 1985 
* 8
+1 2
-9 2
+2 2
-1 1
+1 1
-3 1
+3 1
+2 1
-2 4
+2 1
+3 2
2553 1
+36 3
+1 1
-1 1
+1 1
+9 4
+9 3
2921 3
+1 1
+4 1
+4 5
+5 1
-2 1
+5 1
-3 2
-3 1
+2 1
+1 1
+1 1
-1 3
+1 1
4482 1
2669 3
+8 2
+1 3
+13 1
+2 1
-2 2
+8 5
+8 2
+48 4
+40 3
+19 2
+3 2
+1 6
+2 1
+1 5
cfi=(198)
cfn=(668)
calls=1 25 
* 33
+12 4
-12 1
+12 1
2008 4
3882 1
2873 1
+3 1
-1 1
+1 4
+12 1
-11 1
+11 2
2783 1
-1 2
2017 2
2745 1
+1 1
+6 3
-6 1
+6 3
-43 3
cfi=(198)
cfn=(668)
calls=1 25 
* 64
+1 2
-1 1
+1 1
2008 1
2711 1
2008 3
2712 1
+3 2
+29 3

fn=(664)
3242 4
+9 8
+1 3
cfn=(666)
calls=1 3846 
* 359
+1 2
+8 4
+9 1
fi=(201) ./malloc/../string/bits/string_fortified.h
59 2
fe=(195)
3270 1
fi=(201)
59 86
fe=(195)
3274 3

fl=(83)
fn=(284)
31 2
fi=(84)
+9 6
-2 8
fe=(83)
-7 4
fi=(84)
+10 4
+1 6
+3 4
+4 6
+3 10
fe=(83)

fl=(106)
fn=(336)
28 1
fi=(84)
+12 3
-2 4
fe=(106)
-10 2
fi=(84)
+13 2
+1 3
+3 2
+4 3
+3 5
fe=(106)

fl=(184)
fn=(620)
27 108
+1 324
-1 756
+4 358
+2 142
+3 71
fi=(217)
-7 71
fe=(184)
+8 142
fi=(217)
-8 71
fe=(184)
+12 71
fi=(217)
-12 71
cob=(3)
cfi=(153)
cfn=(634)
calls=71 -29 
* 1253
fe=(184)
+11 213
-9 142
+2 213
+11 648

fl=(188)
fn=(628)
24 36
+1 108
-1 252
+15 36
-15 36
+9 72
+3 36
fi=(217)
+23 36
fe=(188)
-22 72
fi=(217)
+22 72
cob=(3)
cfi=(153)
cfn=(630)
calls=36 -59 
* 643
fe=(188)
-19 108
+3 72
-10 108
+11 216

totals: 211983
